
DATETIME,STATE,ACT_HUMIDITY_OUTDOOR,ACT_HUMIDITY_ROOM,ACT_TEMP_ROOM,BATTERY_ROOM,ACT_TEMP_WOOD_HEATER,BATTERY_ATTIC,ACT_TEMP_HOT_WATER,ACT_TEMP_OUTDOOR,ACT_HUMIDITY_ATTIC,BATTERY_OUTDOOR,ACT_TEMP_ATTIC
1767378532,2,94.0,48.0,23.8,100.0,51.687,99.0,51.812,0.9,78.0,87.0,4.5
1767378592,0,94.0,48.0,23.7,100.0,52.437,99.0,52.062,0.9,78.0,87.0,4.5
1767378652,0,94.0,48.0,23.7,100.0,52.625,99.0,52.25,0.9,78.0,87.0,4.5
1767378712,0,94.0,49.0,23.7,100.0,52.687,99.0,52.312,0.9,78.0,87.0,4.5
1767378772,0,94.0,48.0,23.6,100.0,52.812,99.0,52.437,0.9,78.0,87.0,4.5
1767378832,0,94.0,48.0,23.6,100.0,53.062,100.0,52.562,0.9,78.0,85.0,4.5
1767378892,0,93.0,48.0,23.6,100.0,54.437,100.0,52.562,0.9,78.0,85.0,4.5
1767378952,0,94.0,48.0,23.6,100.0,55.687,100.0,52.625,0.9,78.0,85.0,4.5
1767379012,3,94.0,48.0,23.5,100.0,55.125,100.0,52.625,0.8,77.0,85.0,4.5
1767379072,3,94.0,48.0,23.5,100.0,51.937,100.0,52.625,0.8,78.0,85.0,4.5
1767379132,3,94.0,48.0,23.5,100.0,48.937,100.0,52.625,0.8,77.0,85.0,4.5
1767379192,3,94.0,48.0,23.5,100.0,46.937,100.0,52.625,0.8,77.0,86.0,4.5
1767379252,3,94.0,48.0,23.5,100.0,45.812,100.0,52.625,0.8,78.0,86.0,4.5
1767379312,3,94.0,48.0,23.5,100.0,45.312,100.0,52.625,0.8,78.0,86.0,4.5
1767379372,3,94.0,48.0,23.5,100.0,45.437,100.0,52.625,0.8,77.0,86.0,4.5
1767379432,3,94.0,48.0,23.5,100.0,45.687,100.0,52.562,0.8,77.0,86.0,4.5
1767379492,3,94.0,48.0,23.5,100.0,46.062,100.0,52.562,0.8,77.0,86.0,4.5
1767379552,3,94.0,48.0,23.5,100.0,46.437,100.0,52.562,0.8,77.0,81.0,4.5
1767379612,3,94.0,48.0,23.5,100.0,46.75,100.0,52.562,0.8,77.0,81.0,4.5
1767379672,3,94.0,48.0,23.5,100.0,47.062,100.0,52.562,0.8,77.0,81.0,4.5
1767379732,3,94.0,48.0,23.5,100.0,47.062,100.0,52.5,0.8,77.0,81.0,4.5
1767379792,3,94.0,48.0,23.5,100.0,47.187,100.0,52.562,0.8,77.0,81.0,4.5
1767379852,3,94.0,48.0,23.5,100.0,47.437,100.0,52.562,0.8,77.0,81.0,4.5
1767379912,3,94.0,48.0,23.5,100.0,47.562,100.0,52.562,0.7,77.0,78.0,4.5
1767379972,3,94.0,48.0,23.5,100.0,47.562,100.0,52.562,0.7,77.0,78.0,4.5
1767380032,3,94.0,48.0,23.5,100.0,47.5,100.0,52.5,0.7,77.0,78.0,4.4
1767380092,3,94.0,48.0,23.5,100.0,47.437,100.0,52.5,0.7,77.0,78.0,4.4
1767380152,3,94.0,48.0,23.6,100.0,47.375,100.0,52.5,0.7,77.0,78.0,4.4
1767380212,3,94.0,48.0,23.6,100.0,47.312,100.0,52.437,0.7,77.0,78.0,4.4
1767380272,3,94.0,48.0,23.6,100.0,47.187,100.0,52.437,0.7,77.0,88.0,4.4
1767380332,3,94.0,48.0,23.6,100.0,46.937,100.0,52.437,0.7,77.0,88.0,4.5
1767380392,3,94.0,48.0,23.6,100.0,46.875,100.0,52.375,0.7,77.0,88.0,4.4
1767380452,3,94.0,48.0,23.6,100.0,46.75,100.0,52.375,0.6,77.0,88.0,4.4
1767380512,3,94.0,48.0,23.6,100.0,46.625,100.0,52.312,0.6,77.0,88.0,4.4
1767380572,3,93.0,48.0,23.6,100.0,46.562,100.0,52.312,0.6,77.0,88.0,4.4
1767380632,3,94.0,48.0,23.6,100.0,46.25,100.0,52.312,0.6,77.0,89.0,4.4
1767380692,3,94.0,48.0,23.6,100.0,46.125,100.0,52.312,0.6,77.0,89.0,4.4
1767380752,3,94.0,48.0,23.6,100.0,46.0,100.0,52.312,0.6,77.0,89.0,4.4
1767380812,3,94.0,48.0,23.6,100.0,45.875,100.0,52.312,0.6,77.0,89.0,4.4
1767380872,3,94.0,48.0,23.6,100.0,45.687,100.0,52.25,0.7,77.0,89.0,4.4
1767380932,3,94.0,48.0,23.6,100.0,45.5,100.0,52.25,0.7,77.0,89.0,4.4
1767380992,3,94.0,48.0,23.5,100.0,45.25,98.0,52.25,0.7,77.0,85.0,4.4
1767381052,3,94.0,48.0,23.5,100.0,45.0,98.0,52.25,0.7,77.0,85.0,4.4
1767381112,3,94.0,48.0,23.5,100.0,44.687,98.0,52.25,0.7,77.0,85.0,4.4
1767381172,3,94.0,48.0,23.5,100.0,44.437,98.0,52.25,0.7,77.0,85.0,4.4
1767381232,3,94.0,48.0,23.5,100.0,44.125,98.0,52.25,0.7,77.0,85.0,4.4
1767381292,3,94.0,48.0,23.5,100.0,43.875,98.0,52.25,0.7,77.0,85.0,4.4
1767381352,3,94.0,48.0,23.5,100.0,43.625,100.0,52.187,0.7,77.0,85.0,4.4
1767381412,3,94.0,48.0,23.5,100.0,43.437,100.0,52.25,0.7,77.0,84.0,4.4
1767381472,3,94.0,48.0,23.5,100.0,43.125,100.0,52.187,0.7,77.0,84.0,4.4
1767381532,3,94.0,48.0,23.6,100.0,42.937,100.0,52.062,0.7,77.0,84.0,4.4
1767381592,3,94.0,48.0,23.6,100.0,42.75,100.0,52.0,0.8,77.0,84.0,4.4
1767381652,3,94.0,49.0,23.6,100.0,42.687,100.0,51.937,0.8,77.0,84.0,4.4
1767381712,3,94.0,48.0,23.6,100.0,42.625,100.0,51.875,0.8,77.0,75.0,4.4
1767381772,3,94.0,47.0,23.6,100.0,42.687,100.0,51.812,0.7,77.0,75.0,4.4
1767381832,3,94.0,48.0,23.6,100.0,42.75,100.0,51.812,0.7,77.0,75.0,4.4
1767381892,3,94.0,48.0,23.6,100.0,42.75,100.0,51.75,0.8,77.0,75.0,4.4
1767381952,3,93.0,48.0,23.6,100.0,42.75,100.0,51.687,0.7,77.0,75.0,4.4
1767382012,3,94.0,48.0,23.6,100.0,42.562,100.0,51.75,0.7,77.0,75.0,4.3
1767382072,3,94.0,48.0,23.6,100.0,42.375,99.0,51.75,0.7,77.0,79.0,4.3
1767382132,3,94.0,48.0,23.6,100.0,42.312,99.0,51.75,0.7,77.0,79.0,4.3
1767382192,3,94.0,49.0,23.6,100.0,42.562,99.0,51.687,0.7,77.0,79.0,4.3
1767382252,3,94.0,49.0,23.6,100.0,42.937,99.0,51.687,0.7,77.0,79.0,4.3
1767382312,3,94.0,49.0,23.6,100.0,43.25,99.0,51.687,0.8,77.0,79.0,4.3
1767382372,3,94.0,49.0,23.6,100.0,43.75,99.0,51.687,0.8,77.0,79.0,4.3
1767382432,3,94.0,49.0,23.6,100.0,44.25,100.0,51.687,0.8,77.0,89.0,4.3
1767382492,3,93.0,49.0,23.6,100.0,44.812,100.0,51.687,0.9,77.0,89.0,4.3
1767382552,3,93.0,49.0,23.6,100.0,45.375,100.0,51.687,0.9,77.0,89.0,4.3
1767382612,3,93.0,49.0,23.6,100.0,45.937,100.0,51.75,0.9,77.0,89.0,4.3
1767382672,3,93.0,49.0,23.6,100.0,46.5,100.0,51.75,0.8,77.0,89.0,4.3
1767382732,3,93.0,49.0,23.6,100.0,47.0,100.0,51.75,0.8,77.0,89.0,4.3
1767382792,3,93.0,49.0,23.6,100.0,47.375,100.0,51.75,0.8,77.0,90.0,4.3
1767382852,0,93.0,49.0,23.7,100.0,47.625,100.0,51.75,0.8,77.0,90.0,4.3
1767382912,0,93.0,49.0,23.7,100.0,48.0,100.0,51.75,0.8,77.0,90.0,4.3
1767382972,0,93.0,49.0,23.7,100.0,48.0,100.0,51.875,0.8,77.0,90.0,4.3
1767383032,0,93.0,49.0,23.7,100.0,47.687,100.0,52.0,0.8,77.0,90.0,4.3
1767383092,0,93.0,49.0,23.7,100.0,47.437,100.0,52.0,0.8,77.0,90.0,4.3
1767383152,0,94.0,49.0,23.7,100.0,47.125,100.0,52.0,0.7,77.0,78.0,4.3
1767383212,0,94.0,49.0,23.7,100.0,46.937,100.0,52.062,0.7,77.0,78.0,4.3
1767383272,0,94.0,49.0,23.7,100.0,46.875,100.0,52.062,0.7,77.0,78.0,4.3
1767383332,0,94.0,49.0,23.7,100.0,46.812,100.0,52.125,0.8,77.0,78.0,4.3
1767383392,0,94.0,49.0,23.7,100.0,46.812,100.0,52.062,0.7,77.0,78.0,4.3
1767383452,0,94.0,49.0,23.7,100.0,46.812,100.0,52.125,0.8,77.0,78.0,4.3
1767383512,0,94.0,49.0,23.7,100.0,46.812,100.0,52.125,0.8,77.0,89.0,4.3
1767383572,0,94.0,49.0,23.7,100.0,47.0,100.0,52.125,0.8,77.0,89.0,4.3
1767383632,0,94.0,49.0,23.8,100.0,47.125,100.0,52.125,0.8,77.0,89.0,4.3
1767383692,0,94.0,49.0,23.8,100.0,47.187,100.0,52.062,0.8,77.0,89.0,4.2
1767383752,0,94.0,49.0,23.8,100.0,47.312,100.0,52.125,0.8,77.0,89.0,4.3
1767383812,0,93.0,49.0,23.8,100.0,47.375,100.0,52.062,0.7,77.0,89.0,4.2
1767383872,0,93.0,49.0,23.8,100.0,47.375,100.0,52.125,0.7,77.0,89.0,4.3
1767383932,2,93.0,49.0,23.8,100.0,48.562,100.0,52.062,0.6,77.0,89.0,4.3
1767383992,2,93.0,49.0,23.8,100.0,48.312,100.0,52.125,0.6,77.0,89.0,4.2
1767384052,2,94.0,49.0,23.8,100.0,47.937,100.0,52.062,0.6,77.0,89.0,4.2
1767384112,0,94.0,49.0,23.8,100.0,47.312,100.0,52.062,0.5,77.0,89.0,4.2
1767384172,0,94.0,49.0,23.8,100.0,46.812,100.0,52.062,0.6,77.0,89.0,4.2
1767384232,0,94.0,49.0,23.8,100.0,45.937,100.0,52.062,0.5,77.0,86.0,4.2
1767384292,0,94.0,49.0,23.8,100.0,44.687,100.0,52.062,0.6,77.0,86.0,4.2
1767384352,0,94.0,49.0,23.8,100.0,43.75,100.0,52.062,0.6,77.0,86.0,4.2
1767384412,0,94.0,49.0,23.8,100.0,43.0,100.0,52.062,0.6,77.0,86.0,4.2
1767384472,0,94.0,49.0,23.8,100.0,42.25,100.0,52.062,0.6,77.0,86.0,4.2
1767384532,0,94.0,49.0,23.8,100.0,41.875,100.0,52.062,0.6,77.0,86.0,4.2
1767384592,0,94.0,49.0,23.8,100.0,41.625,100.0,52.0,0.6,77.0,77.0,4.2
1767384652,0,94.0,49.0,23.8,100.0,41.5,100.0,52.0,0.6,77.0,77.0,4.2
1767384712,0,94.0,49.0,23.8,100.0,41.5,100.0,52.0,0.6,77.0,77.0,4.2
1767384772,0,94.0,49.0,23.8,100.0,41.437,100.0,52.0,0.7,77.0,77.0,4.2
1767384832,0,94.0,49.0,23.8,100.0,41.375,100.0,52.0,0.7,77.0,77.0,4.2
1767384892,0,94.0,48.0,23.8,100.0,41.375,100.0,51.937,0.7,77.0,77.0,4.2
1767384952,0,94.0,49.0,23.8,100.0,41.187,100.0,52.0,0.7,77.0,87.0,4.2
1767385012,0,94.0,49.0,23.8,100.0,41.25,100.0,52.0,0.7,77.0,87.0,4.2
1767385072,0,94.0,49.0,23.8,100.0,41.187,100.0,51.937,0.7,77.0,87.0,4.2
1767385132,0,94.0,49.0,23.8,100.0,41.125,100.0,52.0,0.7,77.0,87.0,4.2
1767385192,0,94.0,49.0,23.8,100.0,41.0,100.0,51.937,0.7,77.0,87.0,4.2
1767385252,0,94.0,49.0,23.8,100.0,40.937,100.0,51.937,0.7,77.0,87.0,4.2
1767385312,0,94.0,49.0,23.8,100.0,40.812,100.0,51.937,0.7,77.0,83.0,4.2
1767385372,0,94.0,49.0,23.8,100.0,40.687,100.0,52.0,0.7,77.0,83.0,4.2
1767385432,0,94.0,49.0,23.8,100.0,40.625,100.0,51.937,0.7,77.0,83.0,4.2
1767385492,0,94.0,49.0,23.9,100.0,40.625,100.0,52.0,0.7,77.0,83.0,4.2
1767385552,0,94.0,49.0,23.8,100.0,40.5,100.0,51.937,0.7,77.0,83.0,4.2
1767385612,0,94.0,49.0,23.8,100.0,40.5,100.0,51.937,0.7,77.0,83.0,4.2
1767385672,0,94.0,49.0,23.8,100.0,40.437,100.0,51.875,0.7,77.0,76.0,4.2
1767385732,0,94.0,49.0,23.8,100.0,40.375,100.0,51.937,0.7,77.0,76.0,4.2
1767385792,0,94.0,49.0,23.8,100.0,40.312,100.0,51.937,0.7,77.0,76.0,4.2
1767385852,0,94.0,49.0,23.9,100.0,40.375,100.0,51.875,0.7,77.0,76.0,4.2
1767385912,0,94.0,48.0,23.9,100.0,40.25,100.0,51.875,0.7,77.0,76.0,4.2
1767385972,0,94.0,49.0,23.8,100.0,40.25,100.0,51.875,0.7,77.0,76.0,4.2
1767386032,0,94.0,49.0,23.8,100.0,40.187,100.0,51.875,0.7,77.0,77.0,4.2
1767386092,0,94.0,49.0,23.9,100.0,40.125,100.0,51.875,0.7,77.0,77.0,4.2
1767386152,0,94.0,49.0,23.9,100.0,40.125,100.0,51.812,0.7,77.0,77.0,4.2
1767386212,0,93.0,49.0,23.8,100.0,40.062,100.0,51.875,0.7,77.0,77.0,4.2
1767386272,0,93.0,49.0,23.8,100.0,40.125,100.0,51.812,0.7,77.0,77.0,4.2
1767386332,0,93.0,49.0,23.8,100.0,40.0,100.0,51.812,0.7,77.0,77.0,4.2
1767386392,0,93.0,49.0,23.8,100.0,40.0,100.0,51.812,0.7,77.0,83.0,4.2
1767386452,0,94.0,49.0,23.8,100.0,39.937,100.0,51.875,0.7,77.0,83.0,4.2
1767386512,0,94.0,49.0,23.8,100.0,39.937,100.0,51.812,0.7,77.0,83.0,4.1
1767386572,0,94.0,49.0,23.8,100.0,39.875,100.0,51.812,0.7,77.0,83.0,4.1
1767386632,0,94.0,49.0,23.8,100.0,39.937,100.0,51.812,0.7,77.0,83.0,4.2
1767386692,0,94.0,50.0,23.8,100.0,39.937,100.0,51.812,0.7,77.0,83.0,4.1
1767386752,0,94.0,49.0,23.8,100.0,39.812,99.0,51.812,0.7,77.0,87.0,4.1
1767386812,0,94.0,49.0,23.8,100.0,39.812,99.0,51.812,0.7,77.0,87.0,4.1
1767386872,0,94.0,49.0,23.8,100.0,39.75,99.0,51.812,0.6,77.0,87.0,4.2
1767386932,0,94.0,49.0,23.8,100.0,39.75,99.0,51.812,0.6,77.0,87.0,4.1
1767386992,0,94.0,49.0,23.8,100.0,39.75,99.0,51.812,0.6,77.0,87.0,4.1
1767387052,0,94.0,49.0,23.8,100.0,39.75,99.0,51.687,0.6,77.0,87.0,4.2
1767387112,0,94.0,49.0,23.9,100.0,39.75,100.0,51.75,0.6,77.0,87.0,4.1
1767387172,0,94.0,49.0,23.8,100.0,39.75,100.0,51.75,0.6,77.0,87.0,4.1
1767387232,0,94.0,49.0,23.8,100.0,39.687,100.0,51.687,0.5,77.0,87.0,4.1
1767387292,0,93.0,49.0,23.9,100.0,39.625,100.0,51.75,0.5,77.0,87.0,4.1
1767387352,0,94.0,49.0,23.8,100.0,39.562,100.0,51.75,0.5,77.0,87.0,4.1
1767387412,0,94.0,49.0,23.8,100.0,39.5,100.0,51.687,0.5,77.0,87.0,4.2
1767387472,0,94.0,49.0,23.8,100.0,39.562,100.0,51.687,0.5,77.0,87.0,4.1
1767387532,0,94.0,49.0,23.9,100.0,39.5,100.0,51.625,0.5,77.0,87.0,4.1
1767387592,0,94.0,49.0,23.8,100.0,39.5,100.0,51.687,0.5,77.0,87.0,4.1
1767387652,0,94.0,49.0,23.8,100.0,39.562,100.0,51.687,0.5,77.0,87.0,4.1
1767387712,0,94.0,49.0,23.8,100.0,39.5,100.0,51.687,0.5,77.0,87.0,4.1
1767387772,0,94.0,49.0,23.8,100.0,39.375,100.0,51.687,0.5,77.0,87.0,4.1
1767387832,0,94.0,49.0,23.8,100.0,39.437,100.0,51.687,0.5,77.0,85.0,4.1
1767387892,0,94.0,50.0,23.8,100.0,39.375,100.0,51.687,0.5,77.0,85.0,4.1
1767387952,0,94.0,49.0,23.8,100.0,39.437,100.0,51.625,0.5,77.0,85.0,4.1
1767388012,0,94.0,50.0,23.8,100.0,39.5,100.0,51.625,0.5,77.0,85.0,4.1
1767388072,0,94.0,50.0,23.8,100.0,39.375,100.0,51.625,0.5,77.0,85.0,4.1
1767388132,0,94.0,50.0,23.8,100.0,39.312,100.0,51.625,0.5,77.0,85.0,4.1
1767388192,0,94.0,49.0,23.8,100.0,39.25,100.0,51.625,0.5,77.0,89.0,4.1
1767388252,0,94.0,49.0,23.8,100.0,39.25,100.0,51.625,0.5,77.0,89.0,4.1
1767388312,0,94.0,49.0,23.8,100.0,39.187,100.0,51.562,0.5,77.0,89.0,4.1
1767388372,0,94.0,49.0,23.8,100.0,39.25,100.0,51.562,0.5,77.0,89.0,4.1
1767388432,0,94.0,49.0,23.7,100.0,39.25,100.0,51.562,0.5,77.0,89.0,4.1
1767388492,0,94.0,49.0,23.7,100.0,39.25,100.0,51.562,0.6,77.0,89.0,4.1
1767388552,0,94.0,49.0,23.7,100.0,39.25,100.0,51.562,0.6,77.0,87.0,4.1
1767388612,0,94.0,49.0,23.7,100.0,39.187,100.0,51.562,0.6,77.0,87.0,4.1
1767388672,0,94.0,49.0,23.7,100.0,39.187,100.0,51.562,0.6,77.0,87.0,4.1
1767388732,0,94.0,49.0,23.7,100.0,39.125,100.0,51.562,0.6,77.0,87.0,4.1
1767388792,0,94.0,49.0,23.7,100.0,39.125,100.0,51.5,0.6,77.0,87.0,4.0
1767388852,0,94.0,50.0,23.7,100.0,39.125,100.0,51.562,0.6,77.0,87.0,4.1
1767388912,0,94.0,49.0,23.7,100.0,39.062,100.0,51.5,0.6,77.0,89.0,4.0
1767388972,0,94.0,49.0,23.7,100.0,39.0,100.0,51.5,0.6,77.0,89.0,4.1
1767389032,0,94.0,49.0,23.7,100.0,39.0,100.0,51.5,0.6,77.0,89.0,4.1
1767389092,0,94.0,49.0,23.7,100.0,39.0,100.0,51.437,0.5,77.0,89.0,4.1
1767389152,0,94.0,50.0,23.7,100.0,38.937,100.0,51.5,0.6,77.0,89.0,4.1
1767389212,0,94.0,49.0,23.7,100.0,38.937,100.0,51.5,0.6,77.0,89.0,4.1
1767389272,0,94.0,50.0,23.7,100.0,38.937,100.0,51.437,0.6,77.0,87.0,4.1
1767389332,0,94.0,50.0,23.7,100.0,38.875,100.0,51.437,0.6,77.0,87.0,4.1
1767389392,0,94.0,50.0,23.7,100.0,38.812,100.0,51.437,0.6,77.0,87.0,4.1
1767389452,0,94.0,50.0,23.7,100.0,38.75,100.0,51.437,0.6,77.0,87.0,4.0
1767389512,0,94.0,50.0,23.7,100.0,38.75,100.0,51.437,0.6,77.0,87.0,4.1
1767389572,0,94.0,50.0,23.7,100.0,38.687,100.0,51.437,0.6,77.0,87.0,4.1
1767389632,0,94.0,50.0,23.7,100.0,38.687,100.0,51.437,0.6,77.0,85.0,4.1
1767389692,0,94.0,50.0,23.7,100.0,38.687,100.0,51.437,0.6,77.0,85.0,4.0
1767389752,0,94.0,50.0,23.7,100.0,38.75,100.0,51.437,0.6,77.0,85.0,4.0
1767389812,0,94.0,49.0,23.7,100.0,38.687,100.0,51.437,0.6,77.0,85.0,4.0
1767389872,0,94.0,49.0,23.7,100.0,38.625,100.0,51.375,0.6,77.0,85.0,4.1
1767389932,0,94.0,50.0,23.7,100.0,38.687,100.0,51.375,0.6,77.0,85.0,4.1
1767389992,0,94.0,50.0,23.6,100.0,38.625,100.0,51.375,0.5,77.0,83.0,4.0
1767390052,0,94.0,50.0,23.7,100.0,38.625,100.0,51.437,0.5,77.0,83.0,4.0
1767390112,0,94.0,49.0,23.7,100.0,38.625,100.0,51.375,0.5,77.0,83.0,4.0
1767390172,0,94.0,50.0,23.7,100.0,38.5,100.0,51.375,0.5,77.0,83.0,4.0
1767390232,0,94.0,50.0,23.7,100.0,38.5,100.0,51.375,0.5,77.0,83.0,4.0
1767390292,0,94.0,49.0,23.6,100.0,38.375,100.0,51.312,0.5,77.0,83.0,4.0
1767390352,0,94.0,49.0,23.7,100.0,38.375,100.0,51.375,0.5,77.0,76.0,4.0
1767390412,0,94.0,49.0,23.7,100.0,38.437,100.0,51.375,0.5,77.0,76.0,4.0
1767390472,0,94.0,49.0,23.7,100.0,38.437,100.0,51.312,0.5,77.0,76.0,4.0
1767390532,0,94.0,49.0,23.7,100.0,38.437,100.0,51.312,0.5,77.0,76.0,4.0
1767390592,0,94.0,49.0,23.7,100.0,38.437,100.0,51.312,0.5,77.0,76.0,4.0
1767390652,0,94.0,49.0,23.6,100.0,38.437,100.0,51.312,0.4,77.0,76.0,4.0
1767390712,0,94.0,50.0,23.6,100.0,38.375,100.0,51.25,0.5,77.0,86.0,4.0
1767390772,0,94.0,49.0,23.6,100.0,38.312,100.0,51.25,0.5,77.0,86.0,4.0
1767390832,0,94.0,49.0,23.6,100.0,38.312,100.0,51.125,0.5,77.0,86.0,4.0
1767390892,0,94.0,49.0,23.6,100.0,38.25,100.0,51.0,0.5,77.0,86.0,4.0
1767390952,0,94.0,49.0,23.6,100.0,38.25,100.0,50.937,0.4,77.0,86.0,4.0
1767391012,0,94.0,49.0,23.6,100.0,38.25,100.0,50.75,0.5,77.0,86.0,4.0
1767391072,0,94.0,49.0,23.6,100.0,38.187,100.0,50.687,0.5,77.0,87.0,4.0
1767391132,0,94.0,49.0,23.6,100.0,38.187,100.0,50.687,0.5,77.0,87.0,4.0
1767391192,0,95.0,49.0,23.6,100.0,38.125,100.0,50.687,0.5,77.0,87.0,4.0
1767391252,0,95.0,49.0,23.6,100.0,38.125,100.0,50.625,0.5,77.0,87.0,4.0
1767391312,0,94.0,49.0,23.6,100.0,38.062,100.0,50.625,0.5,77.0,87.0,4.0
1767391372,3,94.0,49.0,23.5,100.0,38.187,100.0,50.625,0.6,77.0,87.0,4.0
1767391432,3,94.0,49.0,23.5,100.0,38.062,100.0,50.562,0.5,77.0,90.0,4.0
1767391492,3,94.0,50.0,23.5,100.0,38.125,100.0,50.5,0.5,77.0,90.0,4.0
1767391552,3,94.0,50.0,23.5,100.0,38.062,100.0,50.375,0.5,77.0,90.0,4.0
1767391612,3,94.0,50.0,23.5,100.0,38.062,100.0,50.187,0.5,77.0,90.0,4.0
1767391672,3,94.0,50.0,23.5,100.0,37.937,100.0,50.062,0.5,77.0,90.0,4.0
1767391732,3,94.0,50.0,23.5,100.0,37.875,100.0,49.937,0.6,77.0,90.0,4.0
1767391792,3,94.0,50.0,23.5,100.0,37.875,100.0,49.875,0.6,77.0,89.0,4.0
1767391852,3,94.0,50.0,23.5,100.0,37.875,100.0,49.812,0.6,77.0,89.0,4.0
1767391912,3,94.0,50.0,23.5,100.0,37.812,100.0,49.812,0.6,77.0,89.0,4.0
1767391972,3,94.0,50.0,23.5,100.0,37.812,100.0,49.75,0.6,77.0,89.0,4.0
1767392032,3,94.0,50.0,23.5,100.0,37.687,100.0,49.75,0.7,77.0,89.0,4.0
1767392092,3,94.0,50.0,23.5,100.0,37.687,100.0,49.687,0.7,77.0,89.0,4.0
1767392152,3,94.0,50.0,23.5,100.0,37.687,99.0,49.687,0.7,77.0,82.0,4.0
1767392212,3,94.0,50.0,23.5,100.0,37.625,99.0,49.687,0.7,77.0,82.0,4.0
1767392272,3,94.0,50.0,23.5,100.0,37.625,99.0,49.625,0.7,77.0,82.0,4.0
1767392332,3,94.0,51.0,23.5,100.0,37.625,99.0,49.625,0.7,77.0,82.0,4.0
1767392392,3,94.0,50.0,23.5,100.0,37.562,99.0,49.625,0.7,77.0,82.0,4.0
1767392452,3,94.0,50.0,23.5,100.0,37.5,99.0,49.625,0.7,77.0,82.0,4.0
1767392512,3,94.0,50.0,23.5,100.0,37.5,100.0,49.687,0.7,77.0,90.0,4.0
1767392572,3,94.0,50.0,23.5,100.0,37.375,100.0,49.687,0.8,77.0,90.0,3.9
1767392632,3,94.0,51.0,23.5,100.0,37.375,100.0,49.687,0.8,77.0,90.0,3.9
1767392692,3,94.0,51.0,23.5,100.0,37.312,100.0,49.75,0.8,77.0,90.0,4.0
1767392752,3,94.0,51.0,23.5,100.0,37.312,100.0,49.625,0.8,77.0,90.0,4.0
1767392812,3,94.0,51.0,23.5,100.0,37.25,100.0,49.687,0.8,77.0,90.0,4.0
1767392872,3,94.0,51.0,23.5,100.0,37.25,100.0,49.687,0.8,77.0,86.0,3.9
1767392932,3,93.0,51.0,23.5,100.0,37.25,100.0,49.687,0.8,77.0,86.0,3.9
1767392992,3,93.0,51.0,23.5,100.0,37.25,100.0,49.687,0.8,77.0,86.0,4.0
1767393052,3,93.0,51.0,23.5,100.0,37.187,100.0,49.687,0.8,77.0,86.0,3.9
1767393112,3,93.0,51.0,23.5,100.0,37.125,100.0,49.687,0.8,77.0,86.0,3.9
1767393172,3,93.0,51.0,23.5,100.0,37.062,100.0,49.687,0.8,77.0,86.0,3.9
1767393232,3,93.0,51.0,23.5,100.0,36.937,100.0,49.687,0.8,77.0,90.0,3.9
1767393292,3,93.0,51.0,23.5,100.0,36.875,100.0,49.687,0.8,77.0,90.0,3.9
1767393352,3,93.0,51.0,23.5,100.0,36.875,100.0,49.687,0.8,77.0,90.0,3.9
1767393412,3,93.0,51.0,23.5,100.0,36.75,100.0,49.687,0.8,77.0,90.0,3.9
1767393472,3,93.0,51.0,23.5,100.0,36.625,100.0,49.687,0.8,77.0,90.0,3.9
1767393532,3,93.0,51.0,23.5,100.0,36.5,100.0,49.687,0.9,77.0,90.0,3.9
1767393592,3,93.0,51.0,23.5,100.0,36.437,99.0,49.687,0.9,77.0,90.0,3.9
1767393652,3,93.0,51.0,23.5,100.0,36.437,99.0,49.75,0.9,77.0,82.0,3.9
1767393712,3,93.0,51.0,23.6,100.0,36.5,99.0,49.687,0.9,77.0,82.0,3.9
1767393772,3,93.0,51.0,23.6,100.0,36.5,99.0,49.75,0.9,77.0,82.0,3.9
1767393832,3,93.0,51.0,23.6,100.0,36.562,99.0,49.75,1.0,77.0,82.0,3.9
1767393892,3,93.0,49.0,23.6,100.0,36.687,99.0,49.75,1.0,77.0,82.0,3.9
1767393952,3,93.0,50.0,23.6,100.0,36.75,100.0,49.75,1.0,77.0,81.0,3.9
1767394012,3,93.0,50.0,23.6,100.0,36.812,100.0,49.812,1.0,77.0,81.0,3.9
1767394072,3,93.0,51.0,23.6,100.0,36.875,100.0,49.812,1.0,77.0,81.0,3.9
1767394132,0,93.0,50.0,23.7,100.0,37.0,100.0,49.812,1.0,77.0,81.0,3.9
1767394192,0,93.0,50.0,23.7,100.0,37.062,100.0,49.875,1.0,77.0,81.0,3.9
1767394252,0,93.0,50.0,23.7,100.0,37.125,100.0,50.062,1.1,76.0,81.0,3.9
1767394312,0,93.0,50.0,23.7,100.0,37.125,100.0,50.125,1.1,76.0,90.0,3.9
1767394372,0,93.0,51.0,23.7,100.0,37.187,100.0,50.187,1.1,77.0,90.0,3.9
1767394432,0,93.0,51.0,23.7,100.0,37.125,100.0,50.25,1.1,77.0,90.0,3.9
1767394492,0,93.0,51.0,23.7,100.0,37.187,100.0,50.312,1.1,77.0,90.0,3.9
1767394552,0,93.0,51.0,23.7,100.0,37.187,100.0,50.375,1.2,77.0,90.0,3.9
1767394612,0,94.0,51.0,23.7,100.0,37.187,100.0,50.437,1.2,77.0,90.0,3.9
1767394672,0,94.0,51.0,23.7,100.0,37.25,100.0,50.437,1.2,77.0,82.0,3.9
1767394732,0,94.0,51.0,23.7,100.0,37.187,100.0,50.5,1.3,77.0,82.0,3.9
1767394792,0,94.0,51.0,23.7,100.0,37.25,100.0,50.5,1.3,77.0,82.0,3.9
1767394852,0,94.0,51.0,23.7,100.0,37.25,100.0,50.5,1.3,77.0,82.0,3.9
1767394912,0,94.0,51.0,23.8,100.0,37.312,100.0,50.5,1.3,77.0,82.0,3.9
1767394972,0,94.0,51.0,23.8,100.0,37.187,100.0,50.437,1.3,77.0,82.0,3.9
1767395032,0,94.0,51.0,23.8,100.0,37.187,98.0,50.5,1.4,77.0,90.0,3.9
1767395092,0,94.0,51.0,23.8,100.0,37.187,98.0,50.5,1.5,77.0,90.0,3.9
1767395152,0,93.0,51.0,23.8,100.0,37.187,98.0,50.5,1.6,77.0,90.0,3.9
1767395212,0,93.0,51.0,23.8,100.0,37.125,98.0,50.5,1.7,76.0,90.0,3.9
1767395272,0,93.0,51.0,23.8,100.0,37.125,98.0,50.5,1.8,76.0,90.0,3.9
1767395332,0,93.0,50.0,23.8,100.0,37.0,98.0,50.5,1.9,77.0,90.0,3.9
1767395392,0,93.0,51.0,23.8,100.0,37.0,100.0,50.5,2.0,77.0,89.0,3.9
1767395452,0,92.0,51.0,23.8,100.0,37.0,100.0,50.5,2.1,76.0,89.0,3.9
1767395512,0,92.0,51.0,23.8,100.0,36.937,100.0,50.5,2.1,77.0,89.0,3.9
1767395572,0,92.0,51.0,23.8,100.0,36.875,100.0,50.437,2.2,77.0,89.0,3.9
1767395632,0,92.0,51.0,23.8,100.0,36.812,100.0,50.437,2.2,77.0,89.0,3.9
1767395692,0,92.0,51.0,23.8,100.0,36.812,100.0,50.5,2.2,77.0,89.0,3.8
1767395752,0,92.0,51.0,23.8,100.0,36.812,100.0,50.5,2.3,77.0,80.0,3.9
1767395812,0,92.0,51.0,23.8,100.0,36.687,100.0,50.5,2.3,77.0,80.0,3.9
1767395872,0,92.0,51.0,23.9,100.0,36.687,100.0,50.5,2.3,77.0,80.0,3.8
1767395932,0,92.0,51.0,23.9,100.0,36.625,100.0,50.5,2.3,77.0,80.0,3.9
1767395992,0,92.0,51.0,23.9,100.0,36.562,100.0,50.437,2.3,77.0,80.0,3.8
1767396052,0,92.0,51.0,23.8,100.0,36.562,100.0,50.437,2.3,77.0,80.0,3.9
1767396112,0,92.0,50.0,23.9,100.0,36.437,100.0,50.437,2.3,77.0,78.0,3.9
1767396172,0,92.0,51.0,23.9,100.0,36.375,100.0,50.437,2.3,77.0,78.0,3.9
1767396232,0,92.0,51.0,23.9,100.0,36.437,100.0,50.375,2.3,77.0,78.0,3.8
1767396292,0,92.0,51.0,23.9,100.0,36.375,100.0,50.437,2.3,77.0,78.0,3.9
1767396352,0,92.0,51.0,23.9,100.0,36.312,100.0,50.375,2.2,77.0,78.0,3.8
1767396412,0,92.0,51.0,23.9,100.0,36.25,100.0,50.375,2.2,77.0,78.0,3.8
1767396472,0,92.0,51.0,23.9,100.0,36.187,100.0,50.375,2.2,77.0,90.0,3.8
1767396532,0,92.0,51.0,23.9,100.0,36.187,100.0,50.375,2.2,77.0,90.0,3.8
1767396592,0,92.0,51.0,23.9,100.0,36.125,100.0,50.375,2.2,77.0,90.0,3.9
1767396652,0,92.0,51.0,23.9,100.0,36.125,100.0,50.375,2.1,77.0,90.0,3.8
1767396712,0,92.0,51.0,23.9,100.0,36.125,100.0,50.437,2.1,77.0,90.0,3.9
1767396772,0,92.0,51.0,23.9,100.0,36.0,100.0,50.375,2.1,77.0,90.0,3.8
1767396832,0,92.0,51.0,23.9,100.0,36.0,100.0,50.375,2.1,77.0,78.0,3.9
1767396892,0,92.0,51.0,23.9,100.0,36.0,100.0,50.375,2.1,77.0,78.0,3.8
1767396952,0,92.0,51.0,23.9,100.0,35.937,100.0,50.375,2.2,77.0,78.0,3.9
1767397012,0,92.0,51.0,23.9,100.0,35.875,100.0,50.375,2.2,77.0,78.0,3.9
1767397072,0,92.0,51.0,23.9,100.0,35.937,100.0,50.375,2.1,77.0,78.0,3.8
1767397132,0,92.0,50.0,23.9,100.0,35.812,100.0,50.375,2.1,77.0,78.0,3.9
1767397192,0,93.0,51.0,23.8,100.0,35.75,100.0,50.312,2.1,77.0,78.0,3.9
1767397252,0,93.0,51.0,23.8,100.0,35.75,100.0,50.375,2.1,77.0,78.0,3.9
1767397312,0,93.0,51.0,23.8,100.0,35.687,100.0,50.375,2.0,77.0,78.0,3.9
1767397372,0,93.0,51.0,23.8,100.0,35.687,100.0,50.312,2.0,77.0,78.0,3.9
1767397432,0,93.0,51.0,23.8,100.0,35.625,100.0,50.312,2.0,77.0,78.0,3.9
1767397492,0,93.0,51.0,23.8,100.0,35.562,100.0,50.312,2.0,77.0,78.0,3.9
1767397552,0,93.0,50.0,23.8,100.0,35.5,100.0,50.312,1.9,77.0,77.0,3.8
1767397612,0,93.0,51.0,23.8,100.0,35.562,100.0,50.25,1.9,77.0,77.0,3.9
1767397672,0,93.0,51.0,23.8,100.0,35.562,100.0,50.25,1.9,77.0,77.0,3.9
1767397732,0,93.0,51.0,23.8,100.0,35.5,100.0,50.25,1.9,77.0,77.0,3.9
1767397792,0,93.0,51.0,23.8,100.0,35.5,100.0,50.312,1.9,77.0,77.0,3.9
1767397852,0,93.0,50.0,23.8,100.0,35.437,100.0,50.25,1.9,77.0,77.0,3.9
1767397912,0,93.0,51.0,23.8,100.0,35.5,100.0,50.25,1.8,77.0,91.0,3.9
1767397972,0,93.0,51.0,23.8,100.0,35.437,100.0,50.25,1.8,77.0,91.0,3.9
1767398032,0,93.0,51.0,23.8,100.0,35.375,100.0,50.25,1.8,77.0,91.0,3.9
1767398092,0,93.0,51.0,23.8,100.0,35.312,100.0,50.187,1.8,77.0,91.0,3.9
1767398152,0,93.0,50.0,23.8,100.0,35.312,100.0,50.25,1.7,77.0,91.0,3.9
1767398212,0,93.0,51.0,23.8,100.0,35.312,100.0,50.25,1.7,77.0,91.0,3.9
1767398272,0,93.0,51.0,23.8,100.0,35.25,100.0,50.25,1.7,77.0,88.0,3.9
1767398332,0,93.0,51.0,23.8,100.0,35.187,100.0,50.25,1.7,77.0,88.0,3.9
1767398392,0,93.0,51.0,23.8,100.0,35.25,100.0,50.187,1.7,77.0,88.0,3.9
1767398452,0,93.0,51.0,23.8,100.0,35.187,100.0,50.187,1.7,77.0,88.0,3.9
1767398512,0,93.0,51.0,23.8,100.0,35.187,100.0,50.187,1.7,77.0,88.0,3.9
1767398572,0,93.0,50.0,23.8,100.0,35.062,100.0,50.187,1.8,77.0,88.0,3.9
1767398632,0,93.0,50.0,23.8,100.0,35.125,100.0,50.125,1.8,77.0,90.0,3.9
1767398692,0,93.0,51.0,23.8,100.0,35.125,100.0,50.187,1.8,77.0,90.0,3.9
1767398752,0,93.0,51.0,23.8,100.0,35.062,100.0,50.125,1.8,77.0,90.0,3.9
1767398812,0,93.0,51.0,23.8,100.0,35.062,100.0,50.125,1.8,77.0,90.0,3.9
1767398872,0,93.0,50.0,23.8,100.0,35.0,100.0,50.062,1.8,77.0,90.0,3.9
1767398932,0,93.0,51.0,23.7,100.0,35.0,100.0,50.0,1.8,77.0,90.0,3.9
1767398992,0,93.0,50.0,23.8,100.0,34.937,100.0,49.937,1.8,77.0,81.0,3.9
1767399052,0,93.0,50.0,23.8,100.0,34.937,100.0,49.75,1.8,77.0,81.0,3.9
1767399112,0,93.0,50.0,23.7,100.0,34.812,100.0,49.5,1.7,77.0,81.0,3.9
1767399172,0,93.0,51.0,23.8,100.0,34.812,100.0,49.312,1.7,77.0,81.0,3.9
1767399232,0,94.0,51.0,23.7,100.0,34.75,100.0,49.062,1.7,77.0,81.0,3.9
1767399292,0,94.0,50.0,23.7,100.0,34.875,100.0,48.875,1.7,77.0,81.0,3.9
1767399352,0,94.0,50.0,23.7,100.0,34.75,100.0,48.625,1.7,77.0,89.0,3.9
1767399412,0,93.0,50.0,23.7,100.0,34.812,100.0,48.375,1.7,77.0,89.0,3.9
1767399472,0,93.0,50.0,23.7,100.0,34.812,100.0,48.062,1.8,77.0,89.0,3.9
1767399532,0,93.0,50.0,23.7,100.0,34.75,100.0,47.812,1.8,77.0,89.0,3.9
1767399592,0,93.0,50.0,23.7,100.0,34.812,100.0,47.562,1.8,77.0,89.0,3.9
1767399652,0,93.0,50.0,23.7,100.0,34.75,100.0,47.375,1.9,77.0,89.0,3.9
1767399712,0,93.0,50.0,23.7,100.0,34.75,100.0,47.187,1.9,77.0,89.0,3.9
1767399772,0,93.0,50.0,23.7,100.0,34.625,100.0,47.0,1.9,77.0,89.0,3.9
1767399832,0,93.0,51.0,23.7,100.0,34.625,100.0,46.812,1.9,77.0,89.0,3.9
1767399892,0,93.0,50.0,23.7,100.0,34.625,100.0,46.625,1.9,77.0,89.0,3.9
1767399952,0,93.0,50.0,23.6,100.0,34.625,100.0,46.5,1.9,77.0,89.0,3.9
1767400012,0,93.0,51.0,23.6,100.0,34.562,100.0,46.437,1.9,77.0,89.0,3.9
1767400072,0,93.0,50.0,23.6,100.0,34.5,100.0,46.437,1.9,77.0,83.0,3.9
1767400132,0,93.0,50.0,23.6,100.0,34.5,100.0,46.437,1.9,77.0,83.0,3.9
1767400192,0,93.0,51.0,23.6,100.0,34.5,100.0,46.375,1.9,77.0,83.0,3.9
1767400252,0,93.0,50.0,23.6,100.0,34.5,100.0,46.375,1.9,77.0,83.0,3.9
1767400312,0,93.0,50.0,23.6,100.0,34.562,100.0,46.312,1.9,77.0,83.0,3.9
1767400372,0,93.0,50.0,23.6,100.0,34.437,100.0,46.312,1.9,77.0,83.0,3.9
1767400432,0,93.0,50.0,23.6,100.0,34.437,100.0,46.312,2.0,77.0,89.0,3.9
1767400492,0,93.0,50.0,23.6,100.0,34.312,100.0,46.25,1.9,77.0,89.0,3.9
1767400552,0,93.0,50.0,23.6,100.0,34.312,100.0,46.187,1.9,77.0,89.0,3.9
1767400612,0,93.0,50.0,23.6,100.0,34.25,100.0,46.187,1.9,77.0,89.0,3.9
1767400672,0,93.0,50.0,23.6,100.0,34.187,100.0,46.125,1.9,77.0,89.0,3.9
1767400732,0,93.0,50.0,23.6,100.0,34.25,100.0,46.187,1.9,77.0,89.0,3.9
1767400792,3,93.0,50.0,23.5,100.0,34.187,100.0,46.125,1.9,77.0,87.0,3.9
1767400852,3,93.0,50.0,23.5,100.0,34.125,100.0,46.125,1.9,77.0,87.0,3.9
1767400912,3,93.0,50.0,23.5,100.0,34.187,100.0,46.062,1.9,77.0,87.0,3.9
1767400972,3,93.0,50.0,23.5,100.0,34.125,100.0,45.937,1.9,77.0,87.0,3.9
1767401032,3,93.0,50.0,23.5,100.0,34.125,100.0,45.812,1.8,77.0,87.0,3.9
1767401092,3,93.0,50.0,23.5,100.0,34.062,100.0,45.75,1.9,77.0,87.0,3.9
1767401152,3,93.0,51.0,23.5,100.0,34.0,100.0,45.687,1.8,77.0,82.0,3.9
1767401212,3,93.0,50.0,23.5,100.0,33.937,100.0,45.625,1.8,77.0,82.0,3.9
1767401272,3,93.0,50.0,23.5,100.0,33.937,100.0,45.562,1.8,77.0,82.0,3.9
1767401332,3,93.0,50.0,23.5,100.0,33.937,100.0,45.562,1.8,77.0,82.0,3.9
1767401392,3,93.0,50.0,23.5,100.0,33.875,100.0,45.5,1.8,77.0,82.0,3.9
1767401452,3,93.0,50.0,23.5,100.0,33.875,100.0,45.5,1.8,77.0,82.0,3.9
1767401512,3,93.0,50.0,23.5,100.0,33.875,100.0,45.5,1.8,77.0,82.0,3.9
1767401572,3,93.0,50.0,23.5,100.0,33.812,100.0,45.5,1.8,77.0,82.0,3.9
1767401632,3,93.0,50.0,23.5,100.0,33.812,100.0,45.437,1.8,77.0,82.0,3.9
1767401692,3,93.0,50.0,23.6,100.0,33.75,100.0,45.5,1.7,77.0,82.0,3.9
1767401752,3,93.0,50.0,23.5,100.0,33.687,100.0,45.437,1.7,77.0,82.0,3.9
1767401812,3,93.0,50.0,23.6,100.0,33.687,100.0,45.437,1.7,77.0,82.0,3.9
1767401872,3,93.0,50.0,23.6,100.0,33.625,100.0,45.437,1.7,77.0,82.0,3.9
1767401932,3,94.0,50.0,23.6,100.0,33.562,100.0,45.5,1.7,77.0,90.0,3.9
1767401992,3,94.0,50.0,23.6,100.0,33.437,100.0,45.5,1.7,77.0,90.0,3.9
1767402052,3,94.0,50.0,23.6,100.0,33.5,100.0,45.5,1.7,77.0,90.0,3.9
1767402112,3,94.0,50.0,23.6,100.0,33.5,100.0,45.437,1.7,77.0,90.0,3.9
1767402172,3,94.0,50.0,23.6,100.0,33.437,100.0,45.5,1.7,77.0,90.0,3.9
1767402232,3,94.0,50.0,23.6,100.0,33.375,100.0,45.5,1.7,77.0,88.0,3.9
1767402292,3,94.0,50.0,23.6,100.0,33.375,100.0,45.5,1.7,77.0,88.0,3.9
1767402352,0,94.0,50.0,23.7,100.0,33.375,100.0,45.5,1.6,77.0,88.0,3.9
1767402412,0,94.0,50.0,23.6,100.0,33.312,100.0,45.5,1.7,77.0,88.0,3.9
1767402472,0,94.0,49.0,23.6,100.0,33.375,100.0,45.562,1.6,77.0,88.0,3.9
1767402532,0,94.0,50.0,23.7,100.0,33.312,100.0,45.562,1.6,77.0,88.0,3.9
1767402592,0,94.0,50.0,23.7,100.0,33.312,100.0,45.625,1.6,77.0,89.0,3.9
1767402652,0,94.0,50.0,23.7,100.0,33.375,100.0,45.687,1.6,77.0,89.0,3.9
1767402712,0,94.0,49.0,23.7,100.0,33.375,100.0,45.687,1.6,77.0,89.0,3.9
1767402772,0,94.0,50.0,23.7,100.0,33.312,100.0,45.687,1.6,77.0,89.0,3.9
1767402832,0,94.0,50.0,23.7,100.0,33.375,100.0,45.75,1.6,77.0,89.0,3.9
1767402892,0,94.0,49.0,23.7,100.0,33.312,100.0,45.75,1.6,77.0,89.0,3.9
1767402952,0,94.0,49.0,23.7,100.0,33.312,100.0,45.75,1.6,77.0,79.0,3.9
1767403012,0,94.0,50.0,23.7,100.0,33.25,100.0,45.75,1.6,77.0,79.0,3.9
1767403072,0,94.0,49.0,23.7,100.0,33.25,100.0,45.75,1.6,77.0,79.0,3.9
1767403132,0,94.0,50.0,23.8,100.0,33.187,100.0,45.75,1.6,77.0,79.0,3.9
1767403192,0,94.0,49.0,23.8,100.0,33.125,100.0,45.75,1.6,77.0,79.0,3.9
1767403252,0,94.0,49.0,23.7,100.0,33.187,100.0,45.75,1.6,77.0,79.0,3.9
1767403312,0,94.0,49.0,23.7,100.0,33.125,100.0,45.75,1.6,77.0,88.0,3.9
1767403372,0,94.0,49.0,23.8,100.0,33.062,100.0,45.75,1.5,77.0,88.0,3.9
1767403432,0,94.0,49.0,23.8,100.0,33.062,100.0,45.75,1.6,77.0,88.0,3.9
1767403492,0,94.0,49.0,23.8,100.0,33.062,100.0,45.75,1.5,77.0,88.0,3.9
1767403552,0,94.0,49.0,23.8,100.0,33.0,100.0,45.75,1.5,77.0,88.0,3.9
1767403612,0,94.0,49.0,23.8,100.0,33.062,100.0,45.75,1.5,77.0,88.0,3.9
1767403672,0,94.0,49.0,23.8,100.0,33.0,100.0,45.687,1.5,77.0,85.0,3.9
1767403732,0,94.0,49.0,23.8,100.0,33.0,100.0,45.75,1.5,77.0,85.0,3.9
1767403792,0,94.0,49.0,23.8,100.0,33.0,100.0,45.75,1.6,77.0,85.0,3.9
1767403852,0,94.0,49.0,23.8,100.0,32.937,100.0,45.75,1.5,77.0,85.0,3.9
1767403912,0,94.0,49.0,23.8,100.0,32.937,100.0,45.75,1.5,77.0,85.0,3.9
1767403972,0,94.0,50.0,23.8,100.0,32.937,100.0,45.75,1.6,77.0,85.0,3.9
1767404032,0,94.0,49.0,23.8,100.0,32.937,100.0,45.75,1.6,77.0,76.0,3.9
1767404092,0,94.0,49.0,23.8,100.0,32.937,100.0,45.75,1.5,77.0,76.0,3.9
1767404152,0,94.0,49.0,23.8,100.0,32.812,100.0,45.687,1.5,77.0,76.0,3.9
1767404212,0,94.0,49.0,23.8,100.0,32.75,100.0,45.687,1.5,77.0,76.0,3.9
1767404272,0,94.0,50.0,23.8,100.0,32.625,100.0,45.687,1.5,77.0,76.0,3.9
1767404332,0,94.0,49.0,23.8,100.0,32.687,100.0,45.75,1.5,77.0,76.0,3.9
1767404392,0,94.0,49.0,23.8,100.0,32.687,100.0,45.75,1.5,77.0,76.0,3.9
1767404452,0,94.0,49.0,23.7,100.0,32.687,100.0,45.687,1.5,77.0,81.0,3.9
1767404512,0,95.0,49.0,23.7,100.0,32.625,100.0,45.687,1.5,77.0,81.0,3.9
1767404572,0,95.0,49.0,23.7,100.0,32.625,100.0,45.687,1.5,77.0,81.0,3.9
1767404632,0,94.0,49.0,23.7,100.0,32.625,100.0,45.687,1.5,77.0,81.0,3.9
1767404692,0,95.0,50.0,23.7,100.0,32.625,100.0,45.687,1.5,77.0,81.0,3.9
1767404752,0,95.0,49.0,23.7,100.0,32.625,100.0,45.687,1.5,77.0,81.0,3.9
1767404812,0,95.0,50.0,23.7,100.0,32.625,100.0,45.687,1.4,77.0,83.0,3.9
1767404872,0,95.0,49.0,23.7,100.0,32.562,100.0,45.687,1.4,77.0,83.0,3.9
1767404932,0,95.0,50.0,23.7,100.0,32.562,100.0,45.687,1.4,77.0,83.0,3.9
1767404992,0,95.0,50.0,23.7,100.0,32.5,100.0,45.687,1.4,77.0,83.0,3.9
1767405052,0,95.0,49.0,23.7,100.0,32.437,100.0,45.687,1.4,77.0,83.0,3.9
1767405112,0,95.0,49.0,23.7,100.0,32.437,100.0,45.625,1.4,77.0,88.0,3.9
1767405172,0,95.0,50.0,23.7,100.0,32.375,100.0,45.625,1.4,77.0,88.0,3.9
1767405232,0,95.0,50.0,23.7,100.0,32.375,100.0,45.625,1.4,77.0,88.0,3.9
1767405292,0,95.0,49.0,23.7,100.0,32.312,100.0,45.625,1.4,77.0,88.0,3.9
1767405352,0,95.0,49.0,23.7,100.0,32.375,100.0,45.625,1.4,77.0,88.0,3.9
1767405412,0,95.0,49.0,23.7,100.0,32.375,100.0,45.625,1.4,77.0,88.0,3.9
1767405472,0,95.0,49.0,23.7,100.0,32.375,100.0,45.625,1.3,77.0,88.0,3.8
1767405532,0,95.0,50.0,23.7,100.0,32.312,100.0,45.562,1.4,77.0,88.0,3.8
1767405592,0,95.0,50.0,23.7,100.0,32.25,100.0,45.562,1.3,77.0,88.0,3.8
1767405652,0,95.0,50.0,23.7,100.0,32.25,100.0,45.562,1.3,77.0,88.0,3.8
1767405712,0,95.0,50.0,23.7,100.0,32.187,100.0,45.562,1.3,77.0,88.0,3.8
1767405772,0,95.0,49.0,23.7,100.0,32.25,100.0,45.562,1.3,77.0,88.0,3.8
1767405832,0,95.0,49.0,23.6,100.0,32.187,100.0,45.562,1.3,77.0,87.0,3.8
1767405892,0,95.0,49.0,23.6,100.0,32.187,100.0,45.562,1.3,77.0,87.0,3.8
1767405952,0,95.0,49.0,23.6,100.0,32.187,100.0,45.5,1.3,77.0,87.0,3.8
1767406012,0,95.0,49.0,23.6,100.0,32.062,100.0,45.5,1.3,77.0,87.0,3.8
1767406072,0,95.0,50.0,23.6,100.0,32.125,100.0,45.5,1.3,77.0,87.0,3.8
1767406132,0,95.0,49.0,23.6,100.0,32.125,100.0,45.5,1.4,77.0,87.0,3.8
1767406192,0,95.0,49.0,23.6,100.0,32.125,100.0,45.5,1.3,77.0,87.0,3.8
1767406252,0,95.0,49.0,23.6,100.0,32.062,100.0,45.5,1.4,77.0,87.0,3.8
1767406312,0,95.0,49.0,23.6,100.0,32.0,100.0,45.5,1.4,77.0,87.0,3.8
1767406372,0,95.0,50.0,23.6,100.0,31.937,100.0,45.562,1.4,77.0,87.0,3.8
1767406432,0,95.0,49.0,23.6,100.0,31.937,100.0,45.562,1.4,77.0,87.0,3.8
1767406492,0,95.0,50.0,23.6,100.0,32.0,100.0,45.5,1.4,77.0,87.0,3.8
1767406552,0,95.0,50.0,23.6,100.0,31.875,100.0,45.5,1.4,77.0,88.0,3.8
1767406612,0,95.0,50.0,23.6,100.0,31.937,100.0,45.5,1.4,77.0,88.0,3.8
1767406672,0,95.0,49.0,23.6,100.0,31.875,100.0,45.5,1.4,77.0,88.0,3.8
1767406732,0,95.0,49.0,23.6,100.0,31.875,100.0,45.5,1.4,77.0,88.0,3.8
1767406792,3,95.0,50.0,23.5,100.0,31.875,100.0,45.5,1.4,77.0,88.0,3.8
1767406852,3,95.0,50.0,23.5,100.0,31.812,100.0,45.437,1.4,77.0,88.0,3.8
1767406912,3,95.0,50.0,23.5,100.0,31.812,100.0,45.437,1.3,77.0,91.0,3.8
1767406972,3,95.0,50.0,23.5,100.0,31.75,100.0,45.375,1.3,77.0,91.0,3.8
1767407032,3,95.0,50.0,23.5,100.0,31.625,100.0,45.25,1.3,77.0,91.0,3.8
1767407092,3,95.0,49.0,23.5,100.0,31.625,100.0,45.187,1.4,77.0,91.0,3.8
1767407152,3,95.0,50.0,23.5,100.0,31.562,100.0,45.062,1.3,77.0,91.0,3.8
1767407212,3,95.0,50.0,23.5,100.0,31.562,100.0,45.0,1.3,77.0,91.0,3.8
1767407272,3,95.0,49.0,23.5,100.0,31.5,100.0,45.0,1.4,77.0,83.0,3.8
1767407332,3,95.0,50.0,23.5,100.0,31.562,100.0,44.937,1.4,77.0,83.0,3.8
1767407392,3,95.0,50.0,23.5,100.0,31.5,100.0,44.937,1.4,77.0,83.0,3.8
1767407452,3,95.0,50.0,23.5,100.0,31.5,100.0,44.937,1.4,77.0,83.0,3.8
1767407512,3,95.0,50.0,23.5,100.0,31.5,100.0,44.937,1.4,77.0,83.0,3.8
1767407572,3,95.0,49.0,23.5,100.0,31.5,100.0,44.937,1.4,77.0,83.0,3.9
1767407632,3,95.0,49.0,23.5,100.0,31.375,100.0,44.937,1.4,77.0,85.0,3.8
1767407692,3,95.0,49.0,23.5,100.0,31.375,100.0,44.937,1.4,77.0,85.0,3.8
1767407752,3,95.0,49.0,23.5,100.0,31.375,100.0,44.875,1.4,77.0,85.0,3.9
1767407812,3,95.0,49.0,23.5,100.0,31.375,100.0,44.875,1.5,77.0,85.0,3.8
1767407872,3,95.0,50.0,23.5,100.0,31.312,100.0,44.937,1.5,77.0,85.0,3.8
1767407932,3,95.0,49.0,23.6,100.0,31.25,100.0,44.937,1.5,77.0,85.0,3.9
1767407992,3,95.0,49.0,23.5,100.0,31.25,99.0,44.937,1.5,77.0,85.0,3.9
1767408052,3,95.0,49.0,23.6,100.0,31.25,99.0,44.937,1.5,77.0,87.0,3.9
1767408112,3,95.0,49.0,23.6,100.0,31.25,99.0,44.937,1.5,77.0,87.0,3.8
1767408172,3,95.0,49.0,23.6,100.0,31.25,99.0,45.0,1.5,77.0,87.0,3.8
1767408232,3,95.0,49.0,23.6,100.0,31.187,99.0,45.0,1.5,77.0,87.0,3.9
1767408292,3,95.0,49.0,23.6,100.0,31.187,99.0,45.0,1.5,77.0,87.0,3.9
1767408352,3,95.0,49.0,23.6,100.0,31.187,100.0,45.0,1.5,77.0,87.0,3.8
1767408412,3,95.0,49.0,23.6,100.0,31.187,100.0,45.0,1.5,77.0,87.0,3.9
1767408472,3,95.0,49.0,23.6,100.0,31.25,100.0,45.0,1.5,77.0,87.0,3.9
1767408532,3,95.0,49.0,23.6,100.0,31.312,100.0,45.0,1.5,77.0,87.0,3.9
1767408592,3,95.0,49.0,23.6,100.0,31.25,100.0,45.0,1.5,77.0,87.0,3.9
1767408652,3,95.0,49.0,23.6,100.0,31.25,100.0,45.062,1.5,77.0,87.0,3.9
1767408712,3,95.0,49.0,23.6,100.0,31.25,100.0,45.125,1.5,77.0,87.0,3.9
1767408772,0,95.0,49.0,23.7,100.0,31.312,100.0,45.062,1.5,77.0,87.0,3.9
1767408832,0,95.0,50.0,23.7,100.0,31.312,100.0,45.125,1.5,77.0,87.0,3.9
1767408892,0,95.0,49.0,23.7,100.0,31.312,100.0,45.187,1.5,77.0,87.0,3.9
1767408952,0,95.0,49.0,23.7,100.0,31.375,100.0,45.25,1.5,77.0,87.0,3.9
1767409012,0,95.0,49.0,23.7,100.0,31.375,100.0,45.312,1.5,77.0,87.0,3.9
1767409072,0,95.0,49.0,23.7,100.0,31.375,100.0,45.312,1.5,77.0,87.0,3.9
1767409132,0,95.0,49.0,23.7,100.0,31.437,100.0,45.375,1.5,77.0,88.0,3.9
1767409192,0,95.0,49.0,23.8,100.0,31.437,100.0,45.437,1.5,77.0,88.0,3.9
1767409252,0,95.0,49.0,23.8,100.0,31.437,100.0,45.375,1.5,77.0,88.0,3.9
1767409312,0,95.0,49.0,23.8,100.0,31.5,100.0,45.437,1.5,77.0,88.0,3.9
1767409372,0,95.0,49.0,23.8,100.0,31.5,100.0,45.437,1.5,77.0,88.0,3.9
1767409432,0,95.0,49.0,23.8,100.0,31.437,100.0,45.5,1.5,77.0,80.0,3.9
1767409492,0,95.0,49.0,23.8,100.0,31.437,100.0,45.5,1.5,77.0,80.0,3.9
1767409552,0,95.0,49.0,23.8,100.0,31.437,100.0,45.437,1.5,77.0,80.0,3.9
1767409612,0,95.0,49.0,23.8,100.0,31.437,100.0,45.437,1.5,77.0,80.0,3.9
1767409672,0,95.0,49.0,23.8,100.0,31.5,100.0,45.5,1.5,77.0,80.0,3.9
1767409732,0,95.0,49.0,23.8,100.0,31.5,100.0,45.437,1.5,78.0,80.0,3.9
1767409792,0,95.0,49.0,23.8,100.0,31.437,100.0,45.5,1.5,77.0,79.0,3.9
1767409852,0,95.0,49.0,23.8,100.0,31.437,100.0,45.5,1.5,77.0,79.0,3.9
1767409912,0,95.0,49.0,23.8,100.0,31.375,100.0,45.437,1.5,77.0,79.0,3.9
1767409972,0,95.0,49.0,23.8,100.0,31.375,100.0,45.437,1.5,77.0,79.0,3.9
1767410032,0,95.0,49.0,23.8,100.0,31.375,100.0,45.437,1.5,77.0,79.0,3.9
1767410092,0,95.0,49.0,23.8,100.0,31.312,100.0,45.437,1.5,77.0,79.0,3.9
1767410152,0,95.0,49.0,23.8,100.0,31.312,100.0,45.437,1.5,77.0,77.0,3.9
1767410212,0,95.0,49.0,23.8,100.0,31.312,100.0,45.5,1.5,77.0,77.0,3.9
1767410272,0,95.0,49.0,23.8,100.0,31.25,100.0,45.437,1.5,77.0,77.0,3.9
1767410332,0,95.0,49.0,23.8,100.0,31.25,100.0,45.437,1.5,78.0,77.0,3.9
1767410392,0,95.0,49.0,23.8,100.0,31.187,100.0,45.437,1.5,77.0,77.0,3.9
1767410452,0,95.0,49.0,23.8,100.0,31.125,100.0,45.437,1.5,78.0,77.0,3.9
1767410512,0,95.0,49.0,23.8,100.0,31.187,100.0,45.437,1.5,78.0,89.0,3.9
1767410572,0,95.0,49.0,23.8,100.0,31.062,100.0,45.437,1.5,77.0,89.0,3.9
1767410632,0,95.0,49.0,23.8,100.0,31.0,100.0,45.437,1.5,77.0,89.0,3.9
1767410692,0,95.0,49.0,23.8,100.0,31.0,100.0,45.437,1.5,78.0,89.0,3.9
1767410752,0,95.0,49.0,23.8,100.0,31.0,100.0,45.437,1.5,78.0,89.0,3.9
1767410812,0,95.0,49.0,23.8,100.0,30.937,100.0,45.437,1.5,77.0,89.0,3.9
1767410872,0,95.0,49.0,23.8,100.0,30.875,100.0,45.375,1.5,77.0,88.0,3.9
1767410932,0,95.0,49.0,23.8,100.0,30.875,100.0,45.375,1.5,77.0,88.0,3.9
1767410992,0,95.0,49.0,23.8,100.0,30.875,100.0,45.375,1.5,77.0,88.0,3.9
1767411052,0,95.0,49.0,23.8,100.0,30.875,100.0,45.437,1.5,77.0,88.0,3.9
1767411112,0,95.0,49.0,23.8,100.0,30.812,100.0,45.375,1.5,78.0,88.0,3.9
1767411172,0,95.0,49.0,23.8,100.0,30.812,100.0,45.375,1.5,78.0,88.0,3.9
1767411232,0,95.0,49.0,23.8,100.0,30.75,100.0,45.375,1.5,78.0,83.0,3.9
1767411292,0,95.0,49.0,23.8,100.0,30.75,100.0,45.375,1.5,78.0,83.0,3.9
1767411352,0,95.0,49.0,23.8,100.0,30.687,100.0,45.375,1.5,78.0,83.0,3.9
1767411412,0,95.0,49.0,23.8,100.0,30.687,100.0,45.375,1.5,77.0,83.0,3.9
1767411472,0,95.0,49.0,23.7,100.0,30.625,100.0,45.375,1.5,77.0,83.0,3.9
1767411532,0,95.0,49.0,23.8,100.0,30.625,100.0,45.375,1.6,77.0,83.0,3.9
1767411592,0,95.0,50.0,23.7,100.0,30.562,100.0,45.375,1.5,77.0,87.0,3.9
1767411652,0,95.0,49.0,23.7,100.0,30.562,100.0,45.375,1.5,78.0,87.0,3.9
1767411712,0,95.0,49.0,23.7,100.0,30.5,100.0,45.312,1.5,78.0,87.0,3.9
1767411772,0,95.0,49.0,23.7,100.0,30.5,100.0,45.312,1.5,77.0,87.0,3.9
1767411832,0,95.0,49.0,23.7,100.0,30.5,100.0,45.312,1.5,78.0,87.0,3.9
1767411892,0,95.0,49.0,23.7,100.0,30.437,100.0,45.312,1.5,77.0,87.0,3.9
1767411952,0,95.0,49.0,23.7,100.0,30.312,100.0,45.312,1.5,77.0,80.0,3.9
1767412012,0,95.0,49.0,23.7,100.0,30.375,100.0,45.312,1.5,77.0,80.0,3.9
1767412072,0,95.0,49.0,23.7,100.0,30.375,100.0,45.25,1.5,77.0,80.0,3.9
1767412132,0,95.0,49.0,23.7,100.0,30.375,100.0,45.312,1.5,77.0,80.0,3.9
1767412192,0,95.0,49.0,23.7,100.0,30.312,100.0,45.25,1.5,77.0,80.0,3.9
1767412252,0,95.0,49.0,23.7,100.0,30.312,100.0,45.25,1.5,78.0,80.0,3.9
1767412312,0,95.0,49.0,23.7,100.0,30.25,100.0,45.312,1.5,78.0,83.0,3.9
1767412372,0,95.0,49.0,23.7,100.0,30.25,100.0,45.25,1.5,77.0,83.0,3.9
1767412432,0,95.0,49.0,23.7,100.0,30.187,100.0,45.25,1.5,78.0,83.0,3.9
1767412492,0,95.0,49.0,23.7,100.0,30.187,100.0,45.25,1.5,77.0,83.0,3.9
1767412552,0,95.0,50.0,23.7,100.0,30.187,100.0,45.25,1.5,77.0,83.0,3.9
1767412612,0,95.0,49.0,23.7,100.0,30.125,100.0,45.25,1.5,78.0,83.0,3.9
1767412672,0,95.0,49.0,23.7,100.0,30.125,100.0,45.25,1.5,78.0,79.0,3.9
1767412732,0,95.0,49.0,23.7,100.0,30.062,100.0,45.187,1.5,78.0,79.0,3.9
1767412792,0,95.0,49.0,23.6,100.0,30.0,100.0,45.187,1.5,78.0,79.0,3.9
1767412852,0,95.0,49.0,23.7,100.0,30.0,100.0,45.187,1.5,77.0,79.0,3.9
1767412912,0,95.0,50.0,23.7,100.0,29.937,100.0,45.187,1.5,77.0,79.0,3.9
1767412972,0,95.0,50.0,23.6,100.0,30.0,100.0,45.187,1.5,77.0,79.0,3.9
1767413032,0,95.0,50.0,23.6,100.0,29.937,100.0,45.187,1.5,78.0,80.0,3.9
1767413092,0,95.0,50.0,23.6,100.0,29.875,100.0,45.187,1.5,77.0,80.0,3.9
1767413152,0,95.0,50.0,23.6,100.0,29.937,100.0,45.187,1.5,77.0,80.0,3.9
1767413212,0,95.0,50.0,23.6,100.0,29.875,100.0,45.125,1.5,77.0,80.0,3.9
1767413272,0,95.0,49.0,23.6,100.0,29.875,100.0,45.125,1.4,77.0,80.0,3.9
1767413332,0,95.0,49.0,23.6,100.0,29.812,100.0,45.125,1.5,78.0,80.0,3.9
1767413392,0,95.0,50.0,23.6,100.0,29.812,100.0,45.125,1.5,78.0,83.0,3.9
1767413452,0,95.0,50.0,23.6,100.0,29.812,100.0,45.125,1.5,78.0,83.0,3.9
1767413512,0,95.0,50.0,23.6,100.0,29.75,100.0,45.125,1.4,78.0,83.0,3.9
1767413572,0,95.0,50.0,23.6,100.0,29.687,100.0,45.125,1.4,78.0,83.0,3.9
1767413632,0,95.0,50.0,23.6,100.0,29.687,100.0,45.062,1.4,78.0,83.0,3.9
1767413692,0,95.0,50.0,23.6,100.0,29.687,100.0,45.062,1.4,78.0,83.0,4.0
1767413752,0,95.0,50.0,23.6,100.0,29.687,100.0,45.062,1.4,78.0,82.0,3.9
1767413812,3,95.0,50.0,23.5,100.0,29.625,100.0,45.062,1.4,78.0,82.0,3.9
1767413872,3,95.0,50.0,23.5,100.0,29.687,100.0,45.062,1.4,77.0,82.0,3.9
1767413932,3,95.0,49.0,23.5,100.0,29.625,100.0,45.0,1.4,77.0,82.0,3.9
1767413992,3,95.0,49.0,23.5,100.0,29.625,100.0,44.937,1.4,77.0,82.0,3.9
1767414052,3,95.0,50.0,23.5,100.0,29.562,100.0,44.812,1.4,78.0,82.0,3.9
1767414112,3,95.0,50.0,23.5,100.0,29.437,100.0,44.75,1.4,78.0,84.0,3.9
1767414172,3,95.0,50.0,23.5,100.0,29.437,100.0,44.687,1.4,78.0,84.0,3.9
1767414232,3,95.0,49.0,23.5,100.0,29.437,100.0,44.625,1.5,78.0,84.0,3.9
1767414292,3,95.0,50.0,23.5,100.0,29.437,100.0,44.562,1.5,78.0,84.0,3.9
1767414352,3,95.0,49.0,23.5,100.0,29.375,100.0,44.562,1.5,78.0,84.0,3.9
1767414412,3,95.0,49.0,23.5,100.0,29.312,100.0,44.562,1.5,78.0,84.0,3.9
1767414472,3,95.0,49.0,23.5,100.0,29.312,100.0,44.562,1.5,78.0,78.0,4.0
1767414532,3,95.0,49.0,23.5,100.0,29.25,100.0,44.5,1.5,78.0,78.0,3.9
1767414592,3,95.0,49.0,23.5,100.0,29.25,100.0,44.5,1.5,78.0,78.0,3.9
1767414652,3,95.0,49.0,23.5,100.0,29.312,100.0,44.5,1.5,78.0,78.0,4.0
1767414712,3,95.0,49.0,23.5,100.0,29.312,100.0,44.5,1.5,78.0,78.0,3.9
1767414772,3,95.0,49.0,23.5,100.0,29.312,100.0,44.5,1.5,78.0,78.0,3.9
1767414832,3,95.0,49.0,23.5,100.0,29.25,100.0,44.5,1.5,77.0,86.0,3.9
1767414892,3,95.0,49.0,23.5,100.0,29.25,100.0,44.5,1.5,78.0,86.0,3.9
1767414952,3,95.0,49.0,23.5,100.0,29.25,100.0,44.5,1.5,78.0,86.0,3.9
1767415012,3,95.0,49.0,23.5,100.0,29.187,100.0,44.5,1.5,78.0,86.0,4.0
1767415072,3,95.0,49.0,23.6,100.0,29.25,100.0,44.5,1.5,78.0,86.0,4.0
1767415132,3,95.0,49.0,23.6,100.0,29.25,100.0,44.562,1.5,78.0,86.0,4.0
1767415192,3,95.0,49.0,23.6,100.0,29.25,100.0,44.5,1.5,78.0,80.0,3.9
1767415252,3,95.0,50.0,23.6,100.0,29.312,100.0,44.562,1.5,78.0,80.0,3.9
1767415312,3,95.0,49.0,23.6,100.0,29.312,100.0,44.562,1.5,78.0,80.0,4.0
1767415372,3,95.0,49.0,23.6,100.0,29.312,100.0,44.562,1.5,78.0,80.0,3.9
1767415432,3,95.0,49.0,23.6,100.0,29.375,100.0,44.562,1.5,78.0,80.0,3.9
1767415492,3,95.0,49.0,23.6,100.0,29.437,100.0,44.562,1.6,78.0,80.0,3.9
1767415552,0,95.0,49.0,23.7,100.0,29.5,100.0,44.625,1.5,78.0,88.0,3.9
1767415612,0,95.0,49.0,23.7,100.0,29.437,100.0,44.625,1.5,78.0,88.0,4.0
1767415672,0,95.0,49.0,23.7,100.0,29.5,100.0,44.687,1.5,78.0,88.0,3.9
1767415732,0,95.0,49.0,23.7,100.0,29.562,100.0,44.75,1.5,78.0,88.0,3.9
1767415792,0,95.0,49.0,23.7,100.0,29.625,100.0,44.812,1.5,78.0,88.0,3.9
1767415852,0,95.0,49.0,23.7,100.0,29.625,100.0,44.812,1.5,78.0,88.0,3.9
1767415912,0,95.0,49.0,23.7,100.0,29.687,100.0,44.937,1.5,78.0,90.0,3.9
1767415972,0,95.0,49.0,23.7,100.0,29.75,100.0,44.937,1.5,78.0,90.0,3.9
1767416032,0,95.0,49.0,23.7,100.0,29.75,100.0,44.937,1.5,78.0,90.0,3.9
1767416092,0,95.0,49.0,23.8,100.0,29.75,100.0,45.0,1.5,78.0,90.0,3.9
1767416152,0,95.0,50.0,23.7,100.0,29.812,100.0,45.0,1.5,77.0,90.0,3.9
1767416212,0,95.0,49.0,23.8,100.0,29.812,100.0,45.0,1.5,78.0,90.0,3.9
1767416272,0,95.0,49.0,23.8,100.0,29.812,100.0,45.0,1.5,78.0,88.0,4.0
1767416332,0,95.0,49.0,23.8,100.0,29.812,100.0,44.937,1.5,77.0,88.0,3.9
1767416392,0,95.0,50.0,23.8,100.0,29.812,100.0,44.937,1.5,78.0,88.0,3.9
1767416452,0,95.0,49.0,23.8,100.0,29.812,100.0,45.0,1.5,78.0,88.0,4.0
1767416512,0,95.0,49.0,23.8,100.0,29.75,100.0,45.0,1.5,78.0,88.0,4.0
1767416572,0,95.0,49.0,23.8,100.0,29.75,100.0,44.937,1.5,78.0,88.0,4.0
1767416632,0,95.0,49.0,23.8,100.0,29.75,100.0,44.937,1.5,78.0,87.0,4.0
1767416692,0,95.0,48.0,23.8,100.0,29.687,100.0,44.937,1.5,78.0,87.0,3.9
1767416752,0,95.0,48.0,23.8,100.0,29.687,100.0,45.0,1.5,78.0,87.0,3.9
1767416812,0,95.0,48.0,23.8,100.0,29.687,100.0,44.937,1.5,78.0,87.0,4.0
1767416872,0,95.0,48.0,23.8,100.0,29.687,100.0,44.937,1.5,78.0,87.0,3.9
1767416932,0,95.0,49.0,23.8,100.0,29.625,100.0,44.937,1.5,78.0,87.0,4.0
1767416992,0,95.0,49.0,23.8,100.0,29.625,100.0,44.937,1.5,78.0,76.0,3.9
1767417052,0,95.0,49.0,23.8,100.0,29.625,100.0,44.937,1.5,78.0,76.0,4.0
1767417112,0,95.0,48.0,23.8,100.0,29.625,100.0,44.937,1.5,78.0,76.0,3.9
1767417172,0,95.0,48.0,23.8,100.0,29.562,100.0,44.875,1.5,78.0,76.0,3.9
1767417232,0,95.0,48.0,23.8,100.0,29.562,100.0,44.875,1.5,78.0,76.0,3.9
1767417292,0,95.0,48.0,23.8,100.0,29.562,100.0,44.875,1.6,78.0,76.0,3.9
1767417352,0,95.0,49.0,23.8,100.0,29.5,100.0,44.875,1.6,78.0,76.0,3.9
1767417412,0,95.0,48.0,23.8,100.0,29.5,100.0,44.875,1.6,78.0,81.0,4.0
1767417472,0,95.0,49.0,23.8,100.0,29.437,100.0,44.875,1.6,78.0,81.0,3.9
1767417532,0,95.0,49.0,23.8,100.0,29.375,100.0,44.875,1.5,78.0,81.0,3.9
1767417592,0,95.0,48.0,23.8,100.0,29.375,100.0,44.875,1.6,78.0,81.0,3.9
1767417652,0,95.0,49.0,23.8,100.0,29.375,100.0,44.875,1.6,78.0,81.0,4.0
1767417712,0,95.0,48.0,23.8,100.0,29.375,100.0,44.875,1.6,78.0,89.0,4.0
1767417772,0,95.0,49.0,23.8,100.0,29.312,100.0,44.875,1.6,78.0,89.0,3.9
1767417832,0,95.0,49.0,23.8,100.0,29.312,100.0,44.812,1.6,78.0,89.0,4.0
1767417892,0,95.0,49.0,23.8,100.0,29.312,100.0,44.875,1.6,78.0,89.0,4.0
1767417952,0,95.0,49.0,23.7,100.0,29.25,100.0,44.812,1.6,77.0,89.0,4.0
1767418012,0,95.0,49.0,23.8,100.0,29.25,100.0,44.812,1.5,78.0,89.0,3.9
1767418072,0,95.0,48.0,23.7,100.0,29.187,98.0,44.875,1.6,78.0,85.0,4.0
1767418132,0,95.0,49.0,23.7,100.0,29.187,98.0,44.875,1.6,78.0,85.0,3.9
1767418192,0,95.0,49.0,23.7,100.0,29.187,98.0,44.812,1.6,78.0,85.0,4.0
1767418252,0,95.0,48.0,23.7,100.0,29.125,98.0,44.812,1.5,78.0,85.0,3.9
1767418312,0,95.0,49.0,23.7,100.0,29.125,98.0,44.812,1.6,78.0,85.0,4.0
1767418372,0,95.0,49.0,23.7,100.0,29.062,98.0,44.812,1.6,78.0,85.0,4.0
1767418432,0,95.0,49.0,23.7,100.0,29.062,100.0,44.812,1.6,78.0,80.0,4.0
1767418492,0,95.0,49.0,23.7,100.0,29.0,100.0,44.812,1.6,78.0,80.0,3.9
1767418552,0,95.0,49.0,23.7,100.0,29.0,100.0,44.812,1.5,78.0,80.0,3.9
1767418612,0,95.0,49.0,23.7,100.0,29.0,100.0,44.75,1.5,78.0,80.0,4.0
1767418672,0,95.0,48.0,23.7,100.0,28.937,100.0,44.75,1.5,78.0,80.0,3.9
1767418732,0,95.0,48.0,23.7,100.0,28.875,100.0,44.75,1.6,78.0,80.0,4.0
1767418792,0,95.0,49.0,23.7,100.0,28.875,100.0,44.75,1.5,78.0,88.0,3.9
1767418852,0,95.0,49.0,23.7,100.0,28.812,100.0,44.75,1.5,78.0,88.0,4.0
1767418912,0,95.0,48.0,23.7,100.0,28.812,100.0,44.75,1.5,78.0,88.0,3.9
1767418972,0,95.0,49.0,23.7,100.0,28.812,100.0,44.75,1.5,78.0,88.0,3.9
1767419032,0,95.0,49.0,23.7,100.0,28.687,100.0,44.75,1.6,78.0,88.0,4.0
1767419092,0,95.0,48.0,23.6,100.0,28.687,100.0,44.75,1.6,78.0,88.0,4.0
1767419152,0,95.0,49.0,23.7,100.0,28.625,100.0,44.75,1.5,78.0,88.0,4.0
1767419212,0,95.0,49.0,23.7,100.0,28.625,100.0,44.687,1.5,78.0,88.0,4.0
1767419272,0,95.0,49.0,23.6,100.0,28.562,100.0,44.687,1.5,78.0,88.0,4.0
1767419332,0,95.0,49.0,23.6,100.0,28.562,100.0,44.75,1.5,78.0,88.0,4.0
1767419392,0,95.0,49.0,23.6,100.0,28.5,100.0,44.687,1.6,78.0,88.0,4.0
1767419452,0,95.0,49.0,23.6,100.0,28.5,100.0,44.687,1.5,78.0,88.0,4.0
1767419512,0,95.0,49.0,23.6,100.0,28.5,100.0,44.687,1.6,78.0,86.0,4.0
1767419572,0,95.0,49.0,23.6,100.0,28.437,100.0,44.687,1.5,78.0,86.0,4.0
1767419632,0,95.0,49.0,23.6,100.0,28.437,100.0,44.687,1.5,78.0,86.0,4.0
1767419692,0,95.0,49.0,23.6,100.0,28.375,100.0,44.625,1.5,78.0,86.0,4.0
1767419752,0,95.0,48.0,23.6,100.0,28.375,100.0,44.625,1.5,78.0,86.0,4.0
1767419812,0,95.0,49.0,23.6,100.0,28.375,100.0,44.625,1.5,78.0,86.0,4.0
1767419872,0,95.0,49.0,23.6,100.0,28.312,100.0,44.625,1.5,78.0,89.0,4.0
1767419932,0,95.0,48.0,23.6,100.0,28.312,100.0,44.687,1.5,78.0,89.0,4.0
1767419992,0,95.0,48.0,23.6,100.0,28.25,100.0,44.625,1.5,78.0,89.0,4.0
1767420052,0,95.0,48.0,23.6,100.0,28.25,100.0,44.625,1.5,78.0,89.0,4.0
1767420112,0,95.0,49.0,23.6,100.0,28.187,100.0,44.625,1.5,78.0,89.0,4.0
1767420172,0,95.0,49.0,23.6,100.0,28.125,100.0,44.625,1.5,78.0,89.0,4.0
1767420232,0,95.0,49.0,23.5,100.0,28.125,100.0,44.625,1.5,78.0,89.0,4.0
1767420292,0,95.0,49.0,23.6,100.0,28.125,100.0,44.562,1.5,78.0,85.0,3.9
1767420352,0,95.0,49.0,23.5,100.0,28.125,100.0,44.562,1.5,78.0,85.0,4.0
1767420412,0,95.0,48.0,23.6,100.0,28.062,100.0,44.562,1.5,78.0,85.0,3.9
1767420472,0,95.0,49.0,23.5,100.0,28.125,100.0,44.562,1.5,78.0,85.0,4.0
1767420532,0,95.0,49.0,23.6,100.0,28.062,100.0,44.562,1.5,78.0,85.0,4.0
1767420592,0,95.0,49.0,23.5,100.0,28.0,100.0,44.562,1.5,78.0,88.0,3.9
1767420652,0,95.0,48.0,23.5,100.0,28.0,100.0,44.562,1.5,78.0,88.0,4.0
1767420712,0,95.0,49.0,23.5,100.0,27.937,100.0,44.5,1.5,78.0,88.0,4.0
1767420772,0,95.0,48.0,23.6,100.0,27.937,100.0,44.5,1.6,78.0,88.0,3.9
1767420832,0,95.0,49.0,23.5,100.0,27.937,100.0,44.437,1.6,78.0,88.0,4.0
1767420892,0,95.0,48.0,23.5,100.0,27.937,100.0,44.437,1.6,78.0,88.0,4.0
1767420952,0,95.0,48.0,23.5,100.0,27.875,100.0,44.437,1.5,78.0,90.0,4.0
1767421012,0,95.0,48.0,23.5,100.0,27.875,100.0,44.437,1.5,78.0,90.0,4.0
1767421072,0,95.0,48.0,23.5,100.0,27.812,100.0,44.437,1.6,78.0,90.0,4.0
1767421132,0,95.0,48.0,23.5,100.0,27.812,100.0,44.437,1.6,78.0,90.0,4.0
1767421192,0,95.0,49.0,23.5,100.0,27.812,100.0,44.437,1.6,78.0,90.0,4.0
1767421252,0,95.0,49.0,23.5,100.0,27.75,100.0,44.375,1.6,78.0,90.0,4.0
1767421312,0,95.0,48.0,23.5,100.0,27.75,100.0,44.375,1.6,78.0,86.0,4.0
1767421372,0,95.0,48.0,23.5,100.0,27.75,100.0,44.375,1.6,78.0,86.0,4.0
1767421432,0,95.0,49.0,23.4,100.0,27.75,100.0,44.375,1.6,78.0,86.0,4.0
1767421492,0,95.0,49.0,23.5,100.0,27.75,100.0,44.437,1.6,78.0,86.0,4.0
1767421552,0,95.0,49.0,23.4,100.0,27.687,100.0,44.375,1.6,78.0,86.0,4.0
1767421612,0,95.0,48.0,23.4,100.0,27.625,100.0,44.375,1.6,78.0,86.0,4.0
1767421672,0,95.0,48.0,23.4,100.0,27.625,100.0,44.375,1.6,78.0,82.0,4.0
1767421732,0,95.0,49.0,23.4,100.0,27.625,100.0,44.375,1.6,78.0,82.0,4.0
1767421792,0,95.0,49.0,23.4,100.0,27.625,100.0,44.375,1.6,78.0,82.0,4.0
1767421852,0,95.0,48.0,23.4,100.0,27.562,100.0,44.375,1.5,78.0,82.0,4.0
1767421912,0,95.0,49.0,23.4,100.0,27.562,100.0,44.375,1.5,78.0,82.0,4.0
1767421972,0,95.0,48.0,23.4,100.0,27.5,100.0,44.312,1.6,78.0,82.0,4.0
1767422032,0,95.0,48.0,23.4,100.0,27.5,100.0,44.312,1.6,78.0,90.0,4.0
1767422092,0,95.0,49.0,23.4,100.0,27.5,100.0,44.312,1.6,78.0,90.0,4.0
1767422152,0,95.0,48.0,23.4,100.0,27.5,100.0,44.312,1.6,78.0,90.0,4.0
1767422212,0,95.0,48.0,23.4,100.0,27.437,100.0,44.25,1.5,78.0,90.0,4.0
1767422272,0,95.0,49.0,23.4,100.0,27.437,100.0,44.312,1.5,78.0,90.0,4.0
1767422332,0,95.0,49.0,23.4,100.0,27.437,100.0,44.312,1.5,78.0,90.0,4.0
1767422392,0,95.0,49.0,23.4,100.0,27.437,100.0,44.25,1.5,78.0,81.0,4.0
1767422452,0,95.0,49.0,23.4,100.0,27.437,100.0,44.25,1.5,78.0,81.0,4.0
1767422512,0,95.0,49.0,23.3,100.0,27.437,100.0,44.25,1.5,78.0,81.0,4.0
1767422572,0,95.0,48.0,23.4,100.0,27.375,100.0,44.187,1.5,78.0,81.0,4.0
1767422632,0,95.0,49.0,23.4,100.0,27.375,100.0,44.25,1.5,78.0,81.0,4.0
1767422692,0,95.0,48.0,23.3,100.0,27.312,100.0,44.25,1.5,78.0,81.0,4.0
1767422752,0,96.0,49.0,23.4,100.0,27.312,100.0,44.25,1.5,78.0,89.0,4.0
1767422812,0,96.0,49.0,23.4,100.0,27.312,100.0,44.25,1.5,78.0,89.0,4.0
1767422872,0,95.0,49.0,23.4,100.0,27.312,100.0,44.187,1.5,78.0,89.0,4.0
1767422932,0,95.0,49.0,23.4,100.0,27.187,100.0,44.125,1.5,78.0,89.0,4.0
1767422992,0,95.0,48.0,23.4,100.0,27.187,100.0,44.125,1.5,78.0,89.0,4.0
1767423052,0,95.0,49.0,23.4,100.0,27.187,100.0,44.125,1.5,78.0,89.0,4.0
1767423112,0,95.0,48.0,23.3,100.0,27.25,100.0,44.125,1.5,78.0,83.0,4.0
1767423172,0,95.0,48.0,23.3,100.0,27.187,100.0,44.125,1.5,78.0,83.0,4.0
1767423232,0,95.0,48.0,23.3,100.0,27.187,100.0,44.125,1.5,78.0,83.0,4.0
1767423292,0,95.0,48.0,23.3,100.0,27.125,100.0,44.125,1.5,78.0,83.0,4.0
1767423352,0,95.0,49.0,23.3,100.0,27.125,100.0,44.125,1.4,78.0,83.0,4.0
1767423412,0,95.0,48.0,23.3,100.0,27.125,100.0,44.125,1.5,78.0,83.0,4.0
1767423472,0,95.0,49.0,23.3,100.0,27.062,100.0,44.125,1.5,78.0,89.0,4.0
1767423532,0,95.0,49.0,23.3,100.0,27.062,100.0,44.062,1.5,78.0,89.0,4.0
1767423592,0,95.0,48.0,23.3,100.0,27.0,100.0,44.062,1.5,78.0,89.0,4.0
1767423652,0,95.0,49.0,23.3,100.0,27.0,100.0,44.0,1.5,78.0,89.0,4.0
1767423712,0,95.0,49.0,23.3,100.0,27.062,100.0,44.062,1.5,78.0,89.0,4.0
1767423772,3,95.0,49.0,23.2,100.0,27.0,100.0,44.062,1.5,78.0,89.0,4.0
1767423832,3,95.0,49.0,23.3,100.0,27.0,100.0,44.062,1.5,78.0,90.0,4.0
1767423892,3,95.0,49.0,23.2,100.0,27.0,100.0,43.937,1.5,78.0,90.0,4.0
1767423952,3,95.0,49.0,23.2,100.0,26.937,100.0,43.812,1.5,78.0,90.0,4.0
1767424012,3,95.0,49.0,23.2,100.0,26.937,100.0,43.625,1.5,78.0,90.0,4.0
1767424072,3,95.0,49.0,23.2,100.0,26.937,100.0,43.562,1.4,78.0,90.0,4.0
1767424132,3,95.0,48.0,23.2,100.0,26.937,100.0,43.5,1.4,78.0,90.0,4.0
1767424192,3,95.0,49.0,23.2,100.0,26.875,100.0,43.375,1.4,78.0,90.0,4.0
1767424252,3,95.0,48.0,23.2,100.0,26.875,100.0,43.375,1.4,78.0,80.0,4.0
1767424312,3,95.0,49.0,23.2,100.0,26.812,100.0,43.375,1.4,78.0,80.0,4.0
1767424372,3,95.0,49.0,23.2,100.0,26.812,100.0,43.312,1.5,78.0,80.0,4.0
1767424432,3,95.0,49.0,23.2,100.0,26.812,100.0,43.312,1.4,78.0,80.0,4.0
1767424492,3,95.0,48.0,23.2,100.0,26.75,100.0,43.312,1.5,78.0,80.0,4.0
1767424552,3,95.0,48.0,23.2,100.0,26.812,100.0,43.312,1.5,78.0,80.0,4.0
1767424612,3,95.0,48.0,23.2,100.0,26.687,100.0,43.312,1.5,78.0,80.0,4.0
1767424672,3,95.0,48.0,23.2,100.0,26.75,100.0,43.375,1.5,78.0,80.0,4.0
1767424732,3,95.0,48.0,23.3,100.0,26.75,100.0,43.312,1.5,78.0,80.0,4.0
1767424792,3,95.0,48.0,23.2,100.0,26.687,100.0,43.312,1.5,78.0,80.0,4.0
1767424852,3,95.0,48.0,23.2,100.0,26.75,100.0,43.312,1.5,78.0,80.0,4.0
1767424912,3,95.0,48.0,23.3,100.0,26.75,100.0,43.312,1.5,78.0,79.0,4.0
1767424972,3,95.0,48.0,23.2,100.0,26.75,100.0,43.312,1.5,78.0,79.0,4.0
1767425032,3,95.0,48.0,23.3,100.0,26.812,100.0,43.312,1.5,78.0,79.0,4.0
1767425092,3,95.0,48.0,23.3,100.0,26.875,100.0,43.312,1.5,78.0,79.0,4.0
1767425152,3,95.0,48.0,23.3,100.0,26.875,100.0,43.312,1.5,78.0,79.0,4.0
1767425212,3,95.0,48.0,23.3,100.0,26.937,100.0,43.375,1.5,78.0,79.0,4.0
1767425272,3,95.0,48.0,23.3,100.0,27.0,100.0,43.375,1.5,78.0,77.0,4.0
1767425332,3,95.0,48.0,23.3,100.0,27.0,100.0,43.375,1.5,78.0,77.0,4.0
1767425392,3,95.0,48.0,23.3,100.0,27.062,100.0,43.437,1.5,78.0,77.0,4.0
1767425452,0,95.0,48.0,23.4,100.0,27.125,100.0,43.437,1.5,78.0,77.0,4.0
1767425512,0,95.0,48.0,23.4,100.0,27.25,100.0,43.5,1.5,78.0,77.0,4.0
1767425572,0,95.0,48.0,23.4,100.0,27.25,100.0,43.5,1.5,78.0,77.0,4.0
1767425632,0,95.0,48.0,23.4,100.0,27.375,100.0,43.625,1.5,78.0,88.0,4.0
1767425692,0,95.0,48.0,23.4,100.0,27.5,100.0,43.687,1.5,78.0,88.0,4.0
1767425752,0,95.0,48.0,23.4,100.0,27.5,100.0,43.75,1.5,78.0,88.0,4.0
1767425812,0,95.0,48.0,23.4,100.0,27.625,100.0,43.75,1.5,78.0,88.0,4.0
1767425872,0,95.0,48.0,23.4,100.0,27.75,100.0,43.812,1.5,78.0,88.0,4.0
1767425932,0,95.0,48.0,23.5,100.0,27.812,100.0,43.875,1.5,78.0,88.0,4.0
1767425992,0,95.0,48.0,23.5,100.0,27.812,100.0,43.875,1.5,78.0,90.0,4.0
1767426052,0,95.0,48.0,23.4,100.0,27.875,100.0,43.875,1.5,78.0,90.0,4.0
1767426112,0,95.0,48.0,23.5,100.0,27.875,100.0,43.812,1.5,78.0,90.0,4.0
1767426172,0,95.0,48.0,23.5,100.0,27.812,100.0,43.875,1.5,78.0,90.0,4.0
1767426232,0,95.0,48.0,23.5,100.0,27.875,100.0,43.875,1.5,78.0,90.0,4.0
1767426292,0,95.0,48.0,23.5,100.0,27.875,100.0,43.875,1.5,78.0,90.0,4.0
1767426352,0,95.0,48.0,23.5,100.0,27.875,100.0,43.875,1.5,78.0,86.0,4.0
1767426412,0,95.0,48.0,23.5,100.0,27.875,100.0,43.875,1.5,78.0,86.0,4.0
1767426472,0,95.0,48.0,23.5,100.0,27.812,100.0,43.875,1.5,78.0,86.0,4.0
1767426532,0,95.0,48.0,23.5,100.0,27.812,100.0,43.812,1.5,78.0,86.0,4.0
1767426592,0,95.0,48.0,23.5,100.0,27.75,100.0,43.812,1.5,78.0,86.0,4.0
1767426652,0,95.0,48.0,23.5,100.0,27.75,100.0,43.875,1.5,78.0,86.0,4.0
1767426712,0,95.0,48.0,23.5,100.0,27.687,100.0,43.875,1.5,78.0,86.0,4.0
1767426772,0,95.0,48.0,23.5,100.0,27.625,100.0,43.875,1.5,78.0,86.0,4.0
1767426832,0,95.0,48.0,23.6,100.0,27.625,100.0,43.875,1.5,78.0,86.0,4.0
1767426892,0,95.0,48.0,23.6,100.0,27.562,100.0,43.875,1.5,78.0,86.0,4.0
1767426952,0,95.0,48.0,23.6,100.0,27.5,100.0,43.812,1.5,78.0,86.0,4.0
1767427012,0,95.0,48.0,23.6,100.0,27.437,100.0,43.812,1.5,78.0,86.0,4.0
1767427072,0,95.0,48.0,23.6,100.0,27.437,99.0,43.812,1.5,78.0,90.0,4.0
1767427132,0,95.0,48.0,23.6,100.0,27.375,99.0,43.812,1.5,78.0,90.0,4.0
1767427192,0,95.0,48.0,23.6,100.0,27.312,99.0,43.812,1.5,78.0,90.0,4.0
1767427252,0,95.0,48.0,23.5,100.0,27.312,99.0,43.812,1.6,78.0,90.0,4.0
1767427312,0,95.0,48.0,23.6,100.0,27.25,99.0,43.812,1.6,78.0,90.0,4.0
1767427372,0,95.0,48.0,23.5,100.0,27.25,99.0,43.812,1.6,78.0,90.0,4.0
1767427432,0,95.0,48.0,23.6,100.0,27.187,100.0,43.812,1.6,78.0,78.0,4.0
1767427492,0,95.0,48.0,23.6,100.0,27.187,100.0,43.812,1.6,78.0,78.0,4.0
1767427552,0,95.0,48.0,23.6,100.0,27.187,100.0,43.812,1.6,78.0,78.0,4.0
1767427612,0,95.0,48.0,23.6,100.0,27.125,100.0,43.812,1.6,78.0,78.0,4.0
1767427672,0,95.0,48.0,23.6,100.0,27.062,100.0,43.812,1.6,78.0,78.0,4.0
1767427732,0,95.0,48.0,23.6,100.0,27.062,100.0,43.812,1.6,78.0,78.0,4.0
1767427792,0,95.0,48.0,23.6,100.0,27.0,98.0,43.812,1.6,78.0,79.0,4.0
1767427852,0,95.0,48.0,23.6,100.0,27.0,98.0,43.812,1.6,78.0,79.0,4.0
1767427912,0,95.0,48.0,23.6,100.0,27.0,98.0,43.75,1.6,78.0,79.0,4.0
1767427972,0,95.0,48.0,23.6,100.0,27.0,98.0,43.75,1.6,78.0,79.0,4.0
1767428032,0,95.0,48.0,23.6,100.0,26.937,98.0,43.75,1.6,78.0,79.0,4.0
1767428092,0,95.0,48.0,23.6,100.0,26.937,98.0,43.75,1.6,78.0,79.0,4.0
1767428152,0,95.0,48.0,23.5,100.0,26.937,100.0,43.75,1.6,78.0,87.0,4.0
1767428212,0,95.0,48.0,23.5,100.0,26.937,100.0,43.75,1.7,78.0,87.0,4.0
1767428272,0,95.0,48.0,23.5,100.0,26.875,100.0,43.75,1.7,78.0,87.0,4.0
1767428332,0,95.0,48.0,23.5,100.0,26.875,100.0,43.75,1.7,78.0,87.0,4.0
1767428392,0,95.0,48.0,23.5,100.0,26.812,100.0,43.687,1.6,78.0,87.0,4.0
1767428452,0,95.0,48.0,23.5,100.0,26.812,100.0,43.75,1.6,78.0,87.0,4.0
1767428512,0,95.0,48.0,23.5,100.0,26.812,100.0,43.75,1.7,78.0,82.0,4.0
1767428572,0,95.0,48.0,23.5,100.0,26.812,100.0,43.687,1.7,78.0,82.0,4.0
1767428632,0,95.0,48.0,23.5,100.0,26.812,100.0,43.75,1.7,78.0,82.0,4.0
1767428692,0,95.0,48.0,23.5,100.0,26.812,100.0,43.75,1.7,78.0,82.0,4.0
1767428752,0,95.0,48.0,23.5,100.0,26.75,100.0,43.75,1.7,78.0,82.0,4.0
1767428812,0,95.0,48.0,23.5,100.0,26.75,100.0,43.687,1.7,78.0,82.0,4.0
1767428872,0,95.0,48.0,23.5,100.0,26.687,100.0,43.687,1.7,78.0,87.0,4.0
1767428932,0,95.0,48.0,23.5,100.0,26.687,100.0,43.687,1.8,78.0,87.0,4.0
1767428992,0,95.0,48.0,23.5,100.0,26.687,100.0,43.687,1.8,78.0,87.0,4.0
1767429052,0,95.0,48.0,23.5,100.0,26.625,100.0,43.687,1.8,78.0,87.0,4.0
1767429112,0,95.0,48.0,23.5,100.0,26.625,100.0,43.687,1.8,78.0,87.0,4.0
1767429172,0,95.0,48.0,23.4,100.0,26.625,100.0,43.687,1.8,78.0,87.0,4.0
1767429232,0,95.0,48.0,23.4,100.0,26.625,100.0,43.687,1.8,78.0,83.0,4.0
1767429292,0,95.0,48.0,23.4,100.0,26.562,100.0,43.625,1.8,78.0,83.0,4.0
1767429352,0,95.0,48.0,23.4,100.0,26.562,100.0,43.625,1.8,78.0,83.0,4.0
1767429412,0,95.0,48.0,23.4,100.0,26.562,100.0,43.687,1.8,78.0,83.0,4.0
1767429472,0,95.0,48.0,23.5,100.0,26.5,100.0,43.687,1.8,78.0,83.0,4.0
1767429532,0,95.0,48.0,23.4,100.0,26.5,100.0,43.625,1.8,78.0,83.0,4.0
1767429592,0,95.0,48.0,23.4,100.0,26.437,100.0,43.625,1.8,78.0,78.0,4.0
1767429652,0,95.0,48.0,23.4,100.0,26.437,100.0,43.625,1.8,78.0,78.0,4.0
1767429712,0,95.0,48.0,23.4,100.0,26.375,100.0,43.562,1.8,78.0,78.0,4.0
1767429772,0,95.0,48.0,23.4,100.0,26.437,100.0,43.562,1.9,78.0,78.0,4.0
1767429832,0,95.0,48.0,23.4,100.0,26.375,100.0,43.562,1.9,78.0,78.0,4.0
1767429892,0,95.0,48.0,23.4,100.0,26.375,100.0,43.562,1.9,78.0,78.0,4.0
1767429952,0,95.0,48.0,23.4,100.0,26.375,100.0,43.562,1.9,78.0,85.0,4.0
1767430012,0,95.0,48.0,23.4,100.0,26.312,100.0,43.5,1.9,78.0,85.0,4.0
1767430072,0,95.0,48.0,23.4,100.0,26.312,100.0,43.562,1.9,78.0,85.0,4.0
1767430132,0,95.0,48.0,23.4,100.0,26.25,100.0,43.562,1.9,78.0,85.0,4.0
1767430192,3,95.0,48.0,23.3,100.0,26.25,100.0,43.5,1.9,78.0,85.0,4.0
1767430252,3,95.0,48.0,23.3,100.0,26.25,100.0,43.5,1.9,78.0,85.0,4.1
1767430312,3,95.0,48.0,23.3,100.0,26.187,100.0,43.5,1.9,78.0,84.0,4.0
1767430372,3,95.0,48.0,23.3,100.0,26.187,100.0,43.437,1.9,78.0,84.0,4.0
1767430432,3,95.0,48.0,23.3,100.0,26.187,100.0,43.312,1.9,78.0,84.0,4.0
1767430492,3,95.0,48.0,23.3,100.0,26.187,100.0,43.25,1.9,78.0,84.0,4.1
1767430552,3,95.0,48.0,23.3,100.0,26.125,100.0,43.187,1.9,78.0,84.0,4.1
1767430612,3,95.0,48.0,23.3,100.0,26.125,100.0,43.125,1.9,78.0,84.0,4.0
1767430672,3,95.0,48.0,23.3,100.0,26.125,100.0,43.062,1.8,78.0,86.0,4.0
1767430732,3,95.0,48.0,23.3,100.0,26.062,100.0,43.062,1.9,78.0,86.0,4.0
1767430792,3,95.0,48.0,23.3,100.0,26.062,100.0,43.062,1.8,78.0,86.0,4.0
1767430852,3,95.0,48.0,23.3,100.0,26.062,100.0,43.0,1.9,78.0,86.0,4.1
1767430912,3,95.0,48.0,23.3,100.0,26.0,100.0,43.062,1.9,78.0,86.0,4.1
1767430972,3,95.0,48.0,23.3,100.0,26.0,100.0,43.0,1.9,78.0,86.0,4.1
1767431032,3,95.0,48.0,23.3,100.0,26.062,100.0,43.062,1.9,78.0,84.0,4.0
1767431092,3,95.0,48.0,23.3,100.0,26.0,100.0,43.062,1.9,78.0,84.0,4.1
1767431152,3,95.0,48.0,23.3,100.0,26.062,100.0,43.062,1.9,78.0,84.0,4.0
1767431212,3,95.0,48.0,23.3,100.0,26.125,100.0,43.062,1.9,78.0,84.0,4.1
1767431272,3,95.0,48.0,23.3,100.0,26.125,100.0,43.062,1.9,78.0,84.0,4.0
1767431332,3,95.0,49.0,23.4,100.0,26.125,100.0,43.062,1.9,78.0,84.0,4.0
1767431392,3,95.0,49.0,23.4,100.0,26.125,100.0,43.062,1.9,78.0,90.0,4.1
1767431452,3,95.0,49.0,23.4,100.0,26.187,100.0,43.062,1.9,78.0,90.0,4.0
1767431512,3,95.0,48.0,23.4,100.0,26.187,100.0,43.062,1.9,78.0,90.0,4.1
1767431572,0,95.0,48.0,23.5,100.0,26.312,100.0,43.062,1.9,78.0,90.0,4.1
1767431632,0,95.0,48.0,23.5,100.0,26.312,100.0,43.125,1.9,78.0,90.0,4.1
1767431692,0,95.0,48.0,23.5,100.0,26.437,100.0,43.187,1.9,78.0,90.0,4.1
1767431752,0,95.0,48.0,23.5,100.0,26.562,100.0,43.25,1.9,78.0,88.0,4.1
1767431812,0,95.0,48.0,23.5,100.0,26.687,100.0,43.312,1.9,78.0,88.0,4.0
1767431872,0,95.0,48.0,23.5,100.0,26.75,100.0,43.375,1.9,78.0,88.0,4.1
1767431932,0,95.0,48.0,23.5,100.0,26.875,100.0,43.437,1.9,78.0,88.0,4.1
1767431992,0,95.0,48.0,23.5,100.0,26.937,100.0,43.375,1.9,78.0,88.0,4.0
1767432052,0,95.0,48.0,23.5,100.0,27.062,100.0,43.437,1.9,78.0,88.0,4.1
1767432112,0,95.0,48.0,23.5,100.0,27.062,100.0,43.437,1.9,78.0,80.0,4.1
1767432172,0,95.0,48.0,23.5,100.0,27.187,100.0,43.437,1.9,78.0,80.0,4.1
1767432232,0,95.0,48.0,23.5,100.0,27.25,100.0,43.5,1.9,78.0,80.0,4.1
1767432292,0,95.0,48.0,23.6,100.0,27.25,100.0,43.5,1.9,78.0,80.0,4.1
1767432352,0,95.0,48.0,23.6,100.0,27.25,100.0,43.5,2.0,78.0,80.0,4.1
1767432412,0,95.0,48.0,23.6,100.0,27.25,100.0,43.5,2.0,78.0,80.0,4.1
1767432472,0,95.0,48.0,23.6,100.0,27.187,100.0,43.5,2.0,78.0,82.0,4.1
1767432532,0,95.0,48.0,23.6,100.0,27.187,100.0,43.5,2.0,78.0,82.0,4.1
1767432592,0,95.0,48.0,23.6,100.0,27.187,100.0,43.5,2.0,78.0,82.0,4.1
1767432652,0,95.0,48.0,23.6,100.0,27.125,100.0,43.5,2.0,78.0,82.0,4.1
1767432712,0,95.0,48.0,23.6,100.0,27.125,100.0,43.5,2.0,78.0,82.0,4.1
1767432772,0,95.0,48.0,23.6,100.0,27.062,100.0,43.5,2.0,78.0,82.0,4.1
1767432832,0,95.0,48.0,23.6,100.0,27.062,100.0,43.5,2.0,78.0,77.0,4.1
1767432892,0,95.0,48.0,23.6,100.0,27.0,100.0,43.5,2.0,78.0,77.0,4.1
1767432952,0,95.0,48.0,23.6,100.0,26.937,100.0,43.437,2.0,78.0,77.0,4.1
1767433012,0,95.0,48.0,23.6,100.0,26.875,100.0,43.5,2.0,78.0,77.0,4.1
1767433072,0,95.0,48.0,23.6,100.0,26.812,100.0,43.5,2.0,78.0,77.0,4.1
1767433132,0,95.0,48.0,23.6,100.0,26.812,100.0,43.5,2.0,78.0,77.0,4.1
1767433192,0,95.0,48.0,23.6,100.0,26.75,100.0,43.5,2.0,78.0,87.0,4.1
1767433252,0,95.0,48.0,23.6,100.0,26.687,100.0,43.5,2.1,78.0,87.0,4.1
1767433312,0,95.0,48.0,23.5,100.0,26.625,100.0,43.5,2.1,78.0,87.0,4.1
1767433372,0,95.0,48.0,23.5,100.0,26.562,100.0,43.5,2.1,78.0,87.0,4.1
1767433432,0,95.0,48.0,23.5,100.0,26.562,100.0,43.5,2.1,78.0,87.0,4.1
1767433492,0,95.0,48.0,23.5,100.0,26.437,100.0,43.5,2.1,78.0,87.0,4.1
1767433552,0,95.0,48.0,23.6,100.0,26.437,100.0,43.5,2.1,78.0,87.0,4.1
1767433612,0,95.0,48.0,23.5,100.0,26.375,100.0,43.5,2.1,78.0,87.0,4.1
1767433672,0,95.0,48.0,23.5,100.0,26.312,100.0,43.5,2.1,78.0,87.0,4.1
1767433732,0,94.0,48.0,23.5,100.0,26.25,100.0,43.5,2.1,78.0,87.0,4.1
1767433792,0,95.0,48.0,23.5,100.0,26.187,100.0,43.5,2.1,78.0,87.0,4.1
1767433852,0,95.0,48.0,23.5,100.0,26.187,100.0,43.5,2.1,78.0,87.0,4.1
1767433912,0,94.0,48.0,23.5,100.0,26.125,100.0,43.5,2.1,78.0,81.0,4.1
1767433972,0,94.0,48.0,23.5,100.0,26.062,100.0,43.437,2.1,78.0,81.0,4.1
1767434032,0,94.0,48.0,23.5,100.0,26.0,100.0,43.437,2.1,78.0,81.0,4.1
1767434092,0,94.0,48.0,23.5,100.0,26.0,100.0,43.437,2.1,78.0,81.0,4.1
1767434152,0,94.0,48.0,23.5,100.0,25.937,100.0,43.437,2.1,78.0,81.0,4.1
1767434212,0,94.0,48.0,23.5,100.0,25.937,100.0,43.437,2.2,78.0,81.0,4.1
1767434272,0,94.0,48.0,23.5,100.0,25.875,100.0,43.437,2.2,78.0,83.0,4.1
1767434332,0,94.0,48.0,23.5,100.0,25.875,100.0,43.375,2.2,78.0,83.0,4.1
1767434392,0,94.0,48.0,23.5,100.0,25.875,100.0,43.437,2.3,78.0,83.0,4.1
1767434452,0,94.0,48.0,23.5,100.0,25.812,100.0,43.375,2.3,78.0,83.0,4.1
1767434512,0,94.0,48.0,23.5,100.0,25.812,100.0,43.375,2.3,78.0,83.0,4.1
1767434572,0,94.0,48.0,23.5,100.0,25.812,100.0,43.375,2.4,78.0,83.0,4.1
1767434632,0,94.0,48.0,23.5,100.0,25.75,100.0,43.375,2.4,78.0,83.0,4.1
1767434692,0,94.0,48.0,23.5,100.0,25.75,100.0,43.375,2.4,78.0,83.0,4.1
1767434752,0,94.0,48.0,23.5,100.0,25.687,100.0,43.312,2.4,78.0,83.0,4.1
1767434812,0,94.0,48.0,23.5,100.0,25.687,100.0,43.25,2.4,78.0,83.0,4.1
1767434872,0,94.0,48.0,23.5,100.0,25.687,100.0,43.187,2.4,78.0,83.0,4.1
1767434932,0,93.0,48.0,23.4,100.0,25.687,100.0,43.125,2.4,78.0,83.0,4.1
1767434992,0,94.0,48.0,23.4,100.0,25.625,100.0,43.062,2.5,78.0,86.0,4.1
1767435052,0,94.0,48.0,23.4,100.0,25.625,100.0,43.062,2.5,78.0,86.0,4.1
1767435112,0,93.0,48.0,23.4,100.0,25.562,100.0,43.0,2.6,78.0,86.0,4.1
1767435172,0,94.0,48.0,23.4,100.0,25.562,100.0,43.0,2.6,78.0,86.0,4.1
1767435232,0,93.0,48.0,23.4,100.0,25.562,100.0,43.0,2.6,78.0,86.0,4.1
1767435292,0,93.0,48.0,23.4,100.0,25.562,100.0,42.937,2.6,78.0,86.0,4.1
1767435352,0,93.0,48.0,23.4,100.0,25.5,99.0,43.0,2.6,78.0,86.0,4.2
1767435412,0,93.0,48.0,23.4,100.0,25.5,99.0,42.937,2.8,78.0,88.0,4.1
1767435472,0,93.0,48.0,23.4,100.0,25.5,99.0,42.937,2.8,78.0,88.0,4.1
